SYMBOL,SERIES,DATE1,PREV_CLOSE,OPEN_PRICE,HIGH_PRICE,LOW_PRICE,LAST_PRICE,CLOSE_PRICE,AVG_PRICE,TTL_TRD_QNTY,TURNOVER_LACS,NO_OF_TRADES,DELIV_QTY,DELIV_PER
1018GS2026,GS,10-Aug-2026,104.53,104.65,104.65,104.4,104.4,104.4,104.58,281,0.29,14, 281, 100.00
20MICRONS,EQ,10-Aug-2026,189.07,190.01,190.99,187.22,188.0,188.53,188.7,68386,129.04,1783, 36394, 53.22
21STCENMGM,EQ,10-Aug-2026,43.58,43.37,44.35,42.71,43.4,43.17,43.06,10304,4.44,80, 7787, 75.57
360ONE,EQ,10-Aug-2026,1168.1,1170.0,1189.9,1161.7,1175.6,1175.6,1176.45,523929,6163.75,17058, 261562, 49.92
3BBLACKBIO,EQ,10-Aug-2026,1207.7,1254.8,1254.8,1216.5,1240.9,1244.6,1238.88,3575,44.29,588, 1920, 53.71
3IINFOLTD,EQ,10-Aug-2026,25.79,25.75,27.45,25.14,27.43,27.13,26.72,3321365,887.39,9879, 1494900, 45.01
3MINDIA,EQ,10-Aug-2026,36035.0,36280.0,36370.0,35665.0,35860.0,35900.0,36056.2,2056,741.32,1126, 1084, 52.72
3PLAND,EQ,10-Aug-2026,32.12,31.5,32.9,31.47,31.5,31.5,31.65,10873,3.44,112, 10449, 96.10
591GS2028,GS,10-Aug-2026,98.36,100.55,100.55,100.55,100.55,100.55,100.55,1,0.0,1, 1, 100.00
5PAISA,EQ,10-Aug-2026,367.55,363.65,390.0,363.65,380.0,384.4,380.77,116104,442.09,4023, 61060, 52.59
601GS2028,GS,10-Aug-2026,102.0,102.0,102.0,102.0,102.0,102.0,102.0,1,0.0,1, 1, 100.00
601GS2030,GS,10-Aug-2026,101.8,101.2,101.2,101.2,101.2,101.2,101.2,1,0.0,1, 1, 100.00
603GS2029,GS,10-Aug-2026,100.36,100.36,100.36,100.36,100.36,100.36,100.36,1,0.0,1, 1, 100.00
610GS2031,GS,10-Aug-2026,103.25,101.0,101.0,101.0,101.0,101.0,101.0,2,0.0,2, 2, 100.00
613GS2028,GS,10-Aug-2026,99.4,100.66,100.66,100.66,100.66,100.66,100.66,1,0.0,1, 1, 100.00
628GS2032,GS,10-Aug-2026,98.65,101.0,101.0,101.0,101.0,101.0,101.0,1,0.0,1, 1, 100.00
633GS2035,GS,10-Aug-2026,98.0,101.0,101.0,101.0,101.0,101.0,101.0,1,0.0,1, 1, 100.00
636GS2031,GS,10-Aug-2026,102.5,102.5,103.0,102.5,103.0,102.5,102.5,250,0.26,4, 250, 100.00
63MOONS,EQ,10-Aug-2026,857.75,859.0,867.8,845.15,860.0,861.1,858.59,242853,2085.11,6955, 106072, 43.68
645GS2029,GS,10-Aug-2026,100.5,102.07,102.07,102.07,102.07,102.07,102.07,1,0.0,1, 1, 100.00
648GS2035,GS,10-Aug-2026,101.15,100.0,100.0,100.0,100.0,100.0,100.0,1,0.0,1, 1, 100.00
654GS2032,GS,10-Aug-2026,101.0,98.47,100.9,98.47,100.9,100.88,98.48,503,0.5,3, 502, 99.80
664GS2035,GS,10-Aug-2026,97.46,97.69,97.69,97.69,97.69,97.69,97.69,1,0.0,1, 1, 100.00
667GS2035,GS,10-Aug-2026,103.49,103.49,103.49,103.49,103.49,103.49,103.49,1,0.0,1, 1, 100.00
667GS2050,GS,10-Aug-2026,92.8,92.9,92.9,92.8,92.8,92.8,92.82,11500,10.67,5, 11500, 100.00
668GS2040,GS,10-Aug-2026,98.38,98.38,98.38,98.35,98.35,98.35,98.36,3200,3.15,2, 3200, 100.00
675GS2029,GS,10-Aug-2026,101.47,101.64,101.64,101.64,101.64,101.64,101.64,1,0.0,1, 1, 100.00
676GS2061,GS,10-Aug-2026,93.37,93.05,93.95,93.05,93.95,93.95,93.7,10502,9.84,10, 10002, 95.24
679GS2031,GS,10-Aug-2026,97.41,102.1,102.1,102.1,102.1,102.1,102.1,1,0.0,1, 1, 100.00
679GS2034,GS,10-Aug-2026,100.49,100.2,100.5,100.2,100.5,100.5,100.35,200,0.2,2, 100, 50.00
68GS2060,GS,10-Aug-2026,93.55,93.55,93.55,93.51,93.51,93.51,93.53,1048,0.98,15, 1048, 100.00
690GS2065,GS,10-Aug-2026,93.95,94.0,94.85,93.57,94.29,94.28,94.01,63081,59.3,40, 58169, 92.21
692GS2039,GS,10-Aug-2026,99.26,101.4,101.4,101.4,101.4,101.4,101.4,1,0.0,1, 1, 100.00
694GS2036,GS,10-Aug-2026,102.5,102.5,102.5,102.5,102.5,102.5,102.5,1,0.0,1, 1, 100.00
695GS2061,GS,10-Aug-2026,94.0,93.0,94.4,92.7,94.4,94.4,94.38,256,0.24,8, 254, 99.22
697GR2034,GS,10-Aug-2026,101.25,101.25,101.25,101.25,101.25,101.25,101.25,100,0.1,1, 100, 100.00
698GR2054,GS,10-Aug-2026,92.3,96.9,96.9,96.9,96.9,96.9,96.9,6,0.01,2, 6, 100.00
699GS2051,GS,10-Aug-2026,97.45,96.1,96.1,95.6,95.6,95.6,96.0,20534,19.71,22, 20534, 100.00
702GS2027,GS,10-Aug-2026,101.01,101.0,101.0,100.81,100.81,100.81,100.81,101,0.1,2, 101, 100.00
702GS2031,GS,10-Aug-2026,102.0,100.7,102.8,100.7,102.8,102.8,101.11,201,0.2,3, 101, 50.25
704GS2029,GS,10-Aug-2026,101.08,101.6,103.55,101.6,103.55,103.55,101.62,101,0.1,2, 101, 100.00
706GS2028,GS,10-Aug-2026,103.05,102.96,103.48,102.96,103.06,103.23,103.12,2351,2.42,4, 2351, 100.00
709GS2054,GS,10-Aug-2026,96.5,96.99,96.99,96.5,96.5,96.5,96.94,11381,11.03,18, 11381, 100.00
709GS2074,GS,10-Aug-2026,95.48,95.5,95.7,95.5,95.7,95.7,95.59,42151,40.29,34, 41651, 98.81
710GS2029,GS,10-Aug-2026,103.65,105.0,105.0,105.0,105.0,105.0,105.0,1,0.0,1, 1, 100.00
716GS2050,GS,10-Aug-2026,102.25,105.0,105.0,105.0,105.0,105.0,105.0,1,0.0,1, 1, 100.00
717GS2030,GS,10-Aug-2026,103.51,104.7,104.7,104.7,104.7,104.7,104.7,1,0.0,1, 1, 100.00
718GS2033,GS,10-Aug-2026,106.3,107.0,107.0,105.6,105.6,105.6,105.6,501,0.53,3, 500, 99.80
718GS2037,GS,10-Aug-2026,102.52,103.25,103.25,102.1,102.9,102.9,102.79,4,0.0,4, 3, 75.00
724GS2055,GS,10-Aug-2026,101.35,101.3,101.3,100.95,101.2,101.2,101.18,26073,26.38,14, 26073, 100.00
725GS2063,GS,10-Aug-2026,97.42,97.6,98.0,97.49,97.95,97.94,97.59,129915,126.78,41, 129915, 100.00
726GS2032,GS,10-Aug-2026,106.2,107.1,107.1,107.1,107.1,107.1,107.1,47,0.05,1, 47, 100.00
726GS2033,GS,10-Aug-2026,102.99,102.9,103.1,102.75,103.1,102.86,102.9,44589,45.88,4, 44589, 100.00
734GS2064,GS,10-Aug-2026,99.4,99.7,99.99,99.4,99.68,99.68,99.5,39294,39.1,20, 38218, 97.26
736GS2052,GS,10-Aug-2026,103.0,103.0,103.0,103.0,103.0,103.0,103.0,2770,2.85,4, 2770, 100.00
737GS2028,GS,10-Aug-2026,104.6,103.55,105.95,103.55,105.95,105.95,103.57,101,0.1,2, 101, 100.00
738GS2027,GS,10-Aug-2026,102.22,102.5,102.5,102.16,102.4,102.42,102.4,131864,135.03,38, 125051, 94.83
73GS2053,GS,10-Aug-2026,99.46,99.45,99.95,99.0,99.95,99.95,99.26,35657,35.39,9, 27974, 78.45
741GS2036,GS,10-Aug-2026,105.5,104.5,105.45,104.5,105.45,105.45,104.85,201,0.21,3, 101, 50.25
743GS2076,GS,10-Aug-2026,99.5,99.5,100.5,99.5,100.5,100.5,99.77,1346,1.34,8, 1302, 96.73
746GS2073,GS,10-Aug-2026,100.95,100.51,100.9,100.51,100.9,100.9,100.53,1562,1.57,4, 1562, 100.00
74GS2062,GS,10-Aug-2026,101.25,101.3,103.75,101.3,103.75,103.75,101.34,5006,5.07,14, 5005, 99.98
750GS2056,GS,10-Aug-2026,100.1,100.1,101.0,99.1,101.0,101.0,100.09,360,0.36,5, 335, 93.06
754GS2036,GS,10-Aug-2026,106.64,106.11,107.0,106.11,106.81,106.81,106.7,272760,291.03,100, 246710, 90.45
75GS2034,GS,10-Aug-2026,105.86,105.8,105.8,105.8,105.8,105.8,105.8,1,0.0,1, 1, 100.00
771GS2066,GS,10-Aug-2026,104.5,104.4,104.4,104.4,104.4,104.4,104.4,500,0.52,1, 500, 100.00
772GS2055,GS,10-Aug-2026,106.0,106.0,106.0,106.0,106.0,106.0,106.0,3115,3.3,1, 3115, 100.00
795GS2032,GS,10-Aug-2026,108.0,110.25,110.25,110.25,110.25,110.25,110.25,1,0.0,1, 1, 100.00
813GS2045,GS,10-Aug-2026,113.0,113.99,113.99,113.99,113.99,113.99,113.99,1,0.0,1, 1, 100.00
828GS2032,GS,10-Aug-2026,110.0,111.6,111.6,109.86,111.52,110.52,110.47,4202,4.64,12, 3000, 71.39
897GS2030,GS,10-Aug-2026,111.62,111.0,114.99,111.0,114.0,114.49,111.0,1852,2.06,9, 1851, 99.95
92GS2030,GS,10-Aug-2026,113.84,115.0,115.0,112.52,114.63,114.63,114.56,1721,1.97,6, 1521, 88.38
A2ZINFRA,EQ,10-Aug-2026,17.39,17.2,17.38,16.53,16.53,16.6,16.86,349810,58.98,1012, 190247, 54.39
AAATECH,EQ,10-Aug-2026,91.95,91.43,101.8,91.0,98.5,99.48,97.72,91982,89.89,1431, 61850, 67.24
AADHARHFC,EQ,10-Aug-2026,506.4,503.9,508.0,496.4,503.7,501.65,502.21,148306,744.81,9212, 84145, 56.74
AAKAAR,SM,10-Aug-2026,60.5,63.5,63.5,57.5,57.5,57.5,58.89,28800,16.96,16, 24000, 83.33
AAKASH,EQ,10-Aug-2026,8.99,9.0,9.15,9.0,9.06,9.04,9.05,103944,9.41,251, 87135, 83.83
AARADHYA,SM,10-Aug-2026,72.0,74.25,74.4,74.25,74.4,74.3,74.3,3600,2.67,3, 3600, 100.00
AAREYDRUGS,BE,10-Aug-2026,81.47,83.89,84.15,77.4,84.15,83.81,81.48,77234,62.93,263, -, -
AARNAV,EQ,10-Aug-2026,30.82,30.82,31.75,30.4,30.6,30.62,30.93,33097,10.24,872, 15349, 46.38
AARON,EQ,10-Aug-2026,134.24,134.0,141.5,134.0,141.0,139.99,138.14,38647,53.39,803, 26527, 68.64
AARTECH,BE,10-Aug-2026,47.0,46.86,47.0,45.5,46.8,46.22,46.31,17441,8.08,117, -, -
AARTIDRUGS,EQ,10-Aug-2026,416.2,414.2,424.4,413.4,423.0,422.55,420.25,216857,911.33,6710, 135470, 62.47
AARTIIND,EQ,10-Aug-2026,502.1,501.3,504.95,496.05,502.0,500.55,500.9,602597,3018.43,15575, 244859, 40.63
AARTIPHARM,EQ,10-Aug-2026,685.85,763.0,823.0,763.0,823.0,823.0,815.31,3125635,25483.66,32964, 846384, 27.08
AARTISURF,EQ,10-Aug-2026,535.95,528.0,537.85,511.0,521.8,520.0,524.06,24458,128.17,1199, 16497, 67.45
AARVI,EQ,10-Aug-2026,153.71,152.11,155.0,151.6,154.73,154.01,153.95,26112,40.2,342, 20028, 76.70
AASTHA,EQ,10-Aug-2026,74.6,75.5,77.7,70.0,73.52,73.51,73.21,2615681,1915.01,11827, 717206, 27.42
AATMAJ,SM,10-Aug-2026,18.8,17.85,18.55,17.8,18.55,18.55,17.9,16000,2.86,3, 14000, 87.50
AAVAS,EQ,10-Aug-2026,1371.5,1378.3,1420.0,1365.0,1400.0,1404.0,1396.54,129631,1810.35,18718, 63685, 49.13
ABANSENT,BE,10-Aug-2026,25.99,26.29,26.7,25.34,26.47,26.47,26.27,4352,1.14,59, -, -
ABB,EQ,10-Aug-2026,7600.0,7639.5,7723.5,7535.0,7649.5,7649.5,7636.55,202217,15442.41,25518, 73185, 36.19
ABBOTINDIA,EQ,10-Aug-2026,27835.0,27950.0,27950.0,27495.0,27505.0,27535.0,27667.61,3817,1056.07,1841, 2182, 57.17
ABCAPITAL,EQ,10-Aug-2026,408.05,405.0,412.85,401.0,407.75,407.75,408.9,2113855,8643.58,35351, 976775, 46.21
ABCOTS,EQ,10-Aug-2026,198.71,201.4,206.33,198.51,200.1,201.66,201.82,4083,8.24,293, 1915, 46.90
ABDL,EQ,10-Aug-2026,599.25,598.5,628.0,591.75,627.75,624.7,617.31,461700,2850.12,14679, 246891, 53.47
ABFRL,EQ,10-Aug-2026,63.33,61.7,61.8,57.5,61.06,61.04,59.6,32152073,19161.85,76157, 11183399, 34.78
ABGSEC,EQ,10-Aug-2026,114.31,115.45,115.45,114.35,114.35,114.35,114.54,31,0.04,10, 21, 67.74
ABHAPOWER,SM,10-Aug-2026,26.0,26.0,26.0,25.3,25.35,25.35,25.57,9600,2.45,6, 6400, 66.67
ABINFRA,EQ,10-Aug-2026,9.96,9.97,10.9,9.8,10.22,10.18,10.43,7899450,823.8,11807, 1285589, 16.27
ABLBL,EQ,10-Aug-2026,93.86,93.9,93.9,91.07,91.65,91.55,91.77,1257974,1154.45,10572, 814236, 64.73
ABMINTLLTD,EQ,10-Aug-2026,41.61,44.9,44.9,41.86,43.88,43.8,43.83,595,0.26,23, 408, 68.57
ABMKNO,EQ,10-Aug-2026,186.21,186.0,194.0,182.5,194.0,192.9,190.16,1242,2.36,47, 1207, 97.18
ABREL,EQ,10-Aug-2026,1382.8,1386.1,1407.8,1368.0,1391.6,1393.2,1388.69,70340,976.8,7244, 27228, 38.71
ABSL10BANK,EQ,10-Aug-2026,170.35,173.8,173.8,169.61,173.45,171.56,170.69,1793,3.06,63, 1299, 72.45
ABSLAMC,EQ,10-Aug-2026,1025.3,1025.4,1028.4,1000.3,1013.0,1011.8,1011.87,352784,3569.7,18629, 234260, 66.40
ABSLBANETF,EQ,10-Aug-2026,59.34,59.39,59.48,59.0,59.08,59.22,59.16,63203,37.39,374, 53162, 84.11
ABSLLIQUID,EQ,10-Aug-2026,1000.0,999.99,1000.01,999.99,1000.0,999.99,1000.0,7028,70.28,50, 3503, 49.84
ABSLMSCIN,EQ,10-Aug-2026,30.44,30.44,30.44,30.14,30.15,30.21,30.23,993,0.3,21, 993, 100.00
ABSLNN50ET,EQ,10-Aug-2026,78.45,78.45,79.5,77.72,78.79,78.78,78.6,21972,17.27,300, 16491, 75.05
ABSLPSE,EQ,10-Aug-2026,10.34,10.41,10.41,10.2,10.23,10.24,10.25,416857,42.73,1155, 359396, 86.22
ABSMARINE,ST,10-Aug-2026,219.05,219.05,226.0,218.05,223.95,222.8,222.36,23000,51.14,43, 19000, 82.61
ACC,EQ,10-Aug-2026,1362.8,1366.0,1367.9,1354.0,1360.0,1357.6,1360.26,157314,2139.89,8896, 91032, 57.87
ACCELYA,EQ,10-Aug-2026,1143.6,1159.7,1160.0,1130.0,1147.0,1143.6,1148.95,8289,95.24,1008, 4655, 56.16
ACCENTMIC,SM,10-Aug-2026,543.9,551.5,562.95,538.1,552.6,559.15,552.34,102500,566.14,163, 75500, 73.66
ACCPL,ST,10-Aug-2026,181.0,187.9,190.05,175.15,190.05,190.05,186.03,54000,100.46,34, 50400, 93.33
ACCURACY,BE,10-Aug-2026,4.72,4.72,4.81,4.68,4.79,4.77,4.76,70308,3.34,170, -, -
ACE,EQ,10-Aug-2026,1094.3,1094.3,1119.2,1076.8,1115.5,1113.6,1101.62,305682,3367.46,19796, 114630, 37.50
ACEINTEG,EQ,10-Aug-2026,18.88,19.85,19.85,18.79,18.79,18.88,19.01,4870,0.93,76, 3159, 64.87
ACETEC,SM,10-Aug-2026,131.55,130.0,130.0,121.7,126.0,126.0,125.33,7200,9.02,6, 4800, 66.67
ACI,EQ,10-Aug-2026,506.65,508.9,524.0,505.15,522.0,518.75,517.48,298707,1545.74,18120, 144202, 48.28
ACL,EQ,10-Aug-2026,47.95,47.95,49.0,47.27,48.0,48.01,47.63,13859,6.6,203, 10959, 79.07
ACMESOLAR,EQ,10-Aug-2026,368.6,369.0,369.6,362.75,365.0,365.8,365.48,564448,2062.93,14381, 282544, 50.06
ACSTECH,EQ,10-Aug-2026,46.0,46.89,50.6,45.01,50.6,50.6,48.99,800798,392.3,2925, 501425, 62.62
ACTIVEINFR,SM,10-Aug-2026,171.0,170.0,170.0,170.0,170.0,170.0,170.0,1200,2.04,2, 1200, 100.00
ACUTAAS,EQ,10-Aug-2026,3297.9,3297.9,3314.0,3245.5,3282.0,3282.0,3276.36,196883,6450.6,26881, 133523, 67.82
ADANIENSOL,EQ,10-Aug-2026,1630.1,1630.1,1635.9,1610.8,1632.0,1632.0,1623.61,929603,15093.16,33937, 476942, 51.31
ADANIENT,EQ,10-Aug-2026,3020.0,3020.0,3021.8,2969.9,3010.0,3010.0,2999.19,811593,24341.25,40386, 302975, 37.33
ADANIGREEN,EQ,10-Aug-2026,1372.4,1372.1,1376.0,1356.0,1369.0,1369.0,1366.88,676426,9245.96,24124, 184165, 27.23
ADANIPORTS,EQ,10-Aug-2026,1693.5,1690.0,1690.0,1673.1,1681.0,1681.0,1679.9,2177216,36575.05,76817, 1383210, 63.53
ADANIPOWER,EQ,10-Aug-2026,209.0,209.05,211.88,207.7,210.65,210.65,209.45,13196740,27640.2,66174, 6355908, 48.16
ADDICTIVE,SM,10-Aug-2026,40.15,42.15,42.15,42.15,42.15,42.15,42.15,21500,9.06,18, 21500, 100.00
ADFFOODS,EQ,10-Aug-2026,259.7,261.0,265.0,255.85,262.0,262.95,261.09,135551,353.9,4900, 67249, 49.61
ADISOFT,SM,10-Aug-2026,189.4,194.0,194.0,182.95,184.0,184.65,186.61,45600,85.09,56, 28800, 63.16
ADL,EQ,10-Aug-2026,70.76,72.52,74.95,69.26,72.0,73.75,71.82,1005,0.72,45, 803, 79.90
ADOR,EQ,10-Aug-2026,1483.4,1479.6,1559.9,1465.0,1520.0,1518.4,1531.91,64008,980.54,6856, 33828, 52.85
ADROITINFO,EQ,10-Aug-2026,9.92,9.92,10.2,9.76,10.2,10.08,10.03,19861,1.99,158, 15435, 77.72
ADSL,EQ,10-Aug-2026,114.39,114.4,118.2,113.68,114.1,115.36,115.78,135780,157.21,3065, 49930, 36.77
ADVAIT,EQ,10-Aug-2026,2193.3,2193.3,2269.9,2143.2,2202.0,2186.9,2209.42,87930,1942.74,10658, 41294, 46.96
ADVANCE,EQ,10-Aug-2026,127.18,127.55,127.55,120.55,121.4,121.21,122.63,419734,514.73,5002, 253784, 60.46
ADVANIHOTR,EQ,10-Aug-2026,50.19,50.06,50.59,50.0,50.15,50.07,50.23,25194,12.65,494, 18377, 72.94
ADVENTHTL,EQ,10-Aug-2026,147.67,146.25,147.94,145.0,145.02,145.48,146.27,39892,58.35,820, 24292, 60.89
ADVENZYMES,EQ,10-Aug-2026,324.35,322.7,322.7,292.45,295.3,294.55,301.97,1171242,3536.8,26080, 680991, 58.14
AEGISLOG,EQ,10-Aug-2026,1371.0,1371.4,1377.4,1312.1,1329.1,1333.7,1335.56,975469,13027.96,35414, 392732, 40.26
AEGISVOPAK,EQ,10-Aug-2026,285.3,290.0,290.0,272.4,273.0,276.55,280.93,933657,2622.91,16949, 472512, 50.61
AEPL,EQ,10-Aug-2026,17.13,16.99,17.28,15.75,16.19,16.01,16.32,162476,26.51,1046, 101741, 62.62
AEQUS,EQ,10-Aug-2026,248.31,250.0,256.55,241.79,243.4,244.13,250.43,4039631,10116.54,53992, 1863268, 46.12
AEROENTER,EQ,10-Aug-2026,126.39,132.0,132.49,126.0,126.4,127.11,129.32,354738,458.76,4206, 197999, 55.82
AEROFLEX,EQ,10-Aug-2026,426.1,428.85,434.8,413.6,419.9,420.75,421.73,1188013,5010.24,26977, 515324, 43.38
AERON,SM,10-Aug-2026,77.9,79.15,81.45,79.0,80.0,80.0,79.83,18000,14.37,13, 16000, 88.89
AERONEU,EQ,10-Aug-2026,84.95,86.44,86.44,82.51,84.8,83.26,84.74,40752,34.53,350, 6734, 16.52
AEROPLANE,EQ,10-Aug-2026,194.37,196.89,197.98,190.01,191.5,190.96,194.62,148130,288.3,2432, 90270, 60.94
AETHER,EQ,10-Aug-2026,1591.6,1591.6,1624.7,1585.1,1602.0,1597.5,1604.83,131284,2106.89,10756, 53696, 40.90
AFCONS,EQ,10-Aug-2026,274.25,270.0,271.8,260.4,261.95,262.85,264.31,2166504,5726.36,32131, 1209842, 55.84
AFFLE,EQ,10-Aug-2026,1645.6,1640.0,1683.1,1578.0,1598.0,1594.5,1631.42,389059,6347.17,39499, 132653, 34.10
AFFORDABLE,BE,10-Aug-2026,196.05,198.9,199.0,190.25,195.95,193.77,195.43,11482,22.44,184, -, -
AFIL,EQ,10-Aug-2026,9.12,9.29,9.95,9.29,9.89,9.83,9.59,2387464,228.96,2454, 1346229, 56.39
AFSL,EQ,10-Aug-2026,201.04,204.89,204.89,201.01,201.11,201.24,201.24,3341,6.72,85, 2073, 62.05
AGARIND,EQ,10-Aug-2026,514.55,520.0,523.9,511.0,515.5,514.2,515.09,20083,103.45,1179, 10656, 53.06
AGARWALEYE,EQ,10-Aug-2026,546.25,546.25,564.5,543.35,562.65,560.7,559.24,202004,1129.68,20185, 99609, 49.31
AGARWALTUF,SM,10-Aug-2026,149.75,149.0,149.7,146.35,148.75,147.65,147.95,24000,35.51,19, 14400, 60.00
AGI,EQ,10-Aug-2026,709.8,713.0,725.0,700.05,725.0,718.2,712.9,74383,530.28,3527, 35256, 47.40
AGIIL,EQ,10-Aug-2026,302.95,304.0,304.2,295.4,299.65,298.45,301.02,701439,2111.46,7316, 162053, 23.10
AGL,EQ,10-Aug-2026,13.84,13.85,13.98,13.26,13.7,13.71,13.56,3548945,481.25,10337, 1924537, 54.23
AGNI,SM,10-Aug-2026,17.1,16.9,17.1,16.3,17.1,17.1,16.83,12500,2.1,5, 10000, 80.00
AGRITECH,BE,10-Aug-2026,111.4,111.4,111.4,108.0,108.3,108.31,109.19,1290,1.41,69, -, -
AGROPHOS,EQ,10-Aug-2026,28.4,28.8,28.8,27.91,28.3,28.08,28.21,10230,2.89,128, 4935, 48.24
AGSTRA,BZ,10-Aug-2026,2.04,2.04,2.09,1.99,2.0,2.0,2.02,176528,3.56,372, -, -
AHCL,EQ,10-Aug-2026,14.55,14.9,14.92,14.2,14.45,14.45,14.7,3748377,551.05,3876, 1264688, 33.74
AHLADA,EQ,10-Aug-2026,38.2,39.0,39.2,38.2,39.2,38.86,38.68,8851,3.42,63, 8389, 94.78
AHLEAST,EQ,10-Aug-2026,143.23,143.23,144.89,141.81,142.0,142.96,143.01,8546,12.22,84, 7516, 87.95
AHLUCONT,EQ,10-Aug-2026,822.3,822.0,831.8,808.25,828.25,829.9,822.64,19088,157.02,3409, 10420, 54.59
AHLWEST,BE,10-Aug-2026,540.0,525.05,550.0,525.05,545.0,545.0,532.69,719,3.83,17, -, -
AIAENG,EQ,10-Aug-2026,4776.0,4800.0,4855.5,4774.8,4790.0,4790.3,4803.09,34703,1666.82,9745, 20157, 58.08
AIIL,EQ,10-Aug-2026,596.6,596.55,596.55,582.85,588.45,586.2,587.65,184819,1086.1,7694, 54987, 29.75
AIMTRON,SM,10-Aug-2026,1656.4,1655.0,1721.95,1655.0,1717.0,1703.55,1690.14,64200,1085.07,284, 36200, 56.39
AIRAN,EQ,10-Aug-2026,15.09,15.02,15.1,14.99,15.09,15.07,15.06,30136,4.54,182, 27097, 89.92
AIROLAM,EQ,10-Aug-2026,89.27,93.0,94.49,89.0,92.0,92.75,92.75,3489,3.24,84, 2834, 81.23
AISL,SM,10-Aug-2026,58.0,55.1,59.0,55.1,59.0,59.0,57.05,1200,0.68,2, 1200, 100.00
AJANTPHARM,EQ,10-Aug-2026,3489.2,3499.0,3529.9,3468.1,3508.0,3506.2,3498.6,43409,1518.71,7040, 21047, 48.49
AJAXENGG,EQ,10-Aug-2026,565.4,565.4,573.0,563.0,565.0,566.15,566.66,37404,211.95,2812, 20189, 53.98
AJMERA,EQ,10-Aug-2026,123.65,124.75,125.5,122.5,123.1,123.04,123.86,184421,228.43,1930, 78739, 42.70
AJOONI,EQ,10-Aug-2026,3.86,3.98,3.98,3.77,3.84,3.84,3.83,500943,19.21,520, 414870, 82.82
AKANKSHA,ST,10-Aug-2026,116.4,116.4,122.2,111.1,116.0,116.0,119.07,133000,158.36,82, 126000, 94.74
AKASH,EQ,10-Aug-2026,26.32,26.32,26.9,26.32,26.38,26.38,26.42,3757,0.99,43, 2580, 68.67
AKCAPIT,EQ,10-Aug-2026,1720.7,1755.6,1770.0,1728.8,1764.0,1758.2,1745.32,3097,54.05,214, 2780, 89.76
AKG,EQ,10-Aug-2026,8.7,8.71,8.89,8.37,8.6,8.58,8.6,24841,2.14,237, 18324, 73.77
AKI,EQ,10-Aug-2026,4.48,4.65,4.77,4.26,4.27,4.33,4.36,142053,6.19,326, 90576, 63.76
AKIKO,ST,10-Aug-2026,321.25,321.25,325.55,309.0,323.9,323.55,319.29,39200,125.16,45, 36000, 91.84
AKSHAR,EQ,10-Aug-2026,0.41,0.43,0.43,0.41,0.42,0.41,0.42,772175,3.26,319, 615647, 79.73
AKSHARCHEM,BE,10-Aug-2026,278.23,279.62,291.9,266.3,278.6,278.61,282.21,6770,19.11,125, -, -
AKSHOPTFBR,BE,10-Aug-2026,6.79,6.85,6.99,6.46,6.46,6.46,6.71,187212,12.56,378, -, -
AKUMS,EQ,10-Aug-2026,697.45,710.1,756.85,703.0,729.9,730.1,734.19,2185132,16042.93,73218, 564916, 25.85
ALANKIT,EQ,10-Aug-2026,8.08,8.2,8.9,8.02,8.5,8.43,8.36,214022,17.89,845, 171846, 80.29
ALBERTDAVD,EQ,10-Aug-2026,822.85,813.0,813.5,782.0,802.0,804.0,801.59,25884,207.48,1387, 16132, 62.32
ALEMBICLTD,EQ,10-Aug-2026,84.75,84.94,85.92,83.0,85.2,84.84,85.08,209367,178.12,2235, 118958, 56.82
ALGOQUANT,EQ,10-Aug-2026,67.21,67.39,67.39,66.15,66.6,66.74,67.02,1010466,677.26,3054, 140981, 13.95
ALICON,EQ,10-Aug-2026,742.75,736.0,748.65,719.0,726.0,722.9,732.45,23106,169.24,1975, 13073, 56.58
ALIVUS,EQ,10-Aug-2026,1329.8,1339.4,1387.4,1336.4,1374.5,1374.5,1369.22,342674,4691.97,28124, 221230, 64.56
ALKALI,BE,10-Aug-2026,67.23,67.23,68.0,65.31,68.0,66.27,66.15,6278,4.15,73, -, -
ALKEM,EQ,10-Aug-2026,5620.0,5624.0,5700.0,5528.5,5598.5,5598.5,5601.7,82544,4623.87,15642, 43651, 52.88
ALKYLAMINE,EQ,10-Aug-2026,1893.9,1895.0,1936.0,1867.2,1897.0,1916.4,1912.84,66960,1280.84,9435, 28432, 42.46
ALLCARGO,EQ,10-Aug-2026,9.26,9.3,10.42,9.1,9.8,9.75,9.95,67444021,6712.81,115205, 11496290, 17.05
ALLDIGI,EQ,10-Aug-2026,810.35,814.4,816.8,808.0,810.0,812.3,811.37,6686,54.25,384, 5072, 75.86
ALLETEC,ST,10-Aug-2026,134.05,129.5,135.95,129.5,135.7,134.45,133.23,8000,10.66,20, 7200, 90.00
ALLTIME,EQ,10-Aug-2026,219.59,219.59,220.01,217.5,219.0,218.93,218.54,28325,61.9,1034, 18869, 66.62
ALMONDZ,EQ,10-Aug-2026,14.47,14.47,14.51,14.0,14.4,14.37,14.26,268774,38.33,291, 204181, 75.97
ALOKINDS,EQ,10-Aug-2026,11.97,11.98,12.02,11.87,11.92,11.91,11.94,2088096,249.29,4610, 1350666, 64.68
ALPA,EQ,10-Aug-2026,68.09,68.09,68.9,67.8,68.46,67.97,68.3,8977,6.13,189, 6220, 69.29
ALPEXSOLAR,SM,10-Aug-2026,803.95,800.0,815.0,786.95,810.0,810.2,800.33,57800,462.59,356, 40900, 70.76
ALPHA,EQ,10-Aug-2026,53.48,53.47,54.02,53.47,53.78,53.75,53.86,1018056,548.28,3343, 680701, 66.86
ALPHAETF,EQ,10-Aug-2026,26.5,27.03,27.03,26.57,26.78,26.78,26.8,502106,134.58,1192, 442660, 88.16
ALPHAGEO,EQ,10-Aug-2026,230.64,230.0,249.9,227.46,245.45,244.69,244.76,39299,96.19,1109, 22403, 57.01
ALPINETEX,EQ,10-Aug-2026,63.27,63.01,66.88,63.01,63.98,63.74,64.42,265756,171.2,3462, 124705, 46.92
ALPL30IETF,EQ,10-Aug-2026,28.56,28.8,28.8,28.5,28.58,28.55,28.58,210261,60.08,1332, 134707, 64.07
ALUWIND,SM,10-Aug-2026,49.2,49.2,50.5,49.2,49.4,49.95,49.62,7500,3.72,5, 6000, 80.00
AMAGI,EQ,10-Aug-2026,646.95,645.8,659.05,642.0,642.0,647.75,650.75,141034,917.78,9860, 47397, 33.61
AMANTA,BE,10-Aug-2026,166.15,162.83,162.83,162.83,162.83,162.83,162.83,6996,11.39,49, -, -
AMBAAUTO,SM,10-Aug-2026,103.3,103.3,108.4,101.8,104.9,105.2,105.19,29000,30.5,19, 14000, 48.28
AMBALALSA,EQ,10-Aug-2026,46.73,48.0,49.98,47.25,47.85,48.27,48.85,779762,380.89,3471, 483860, 62.05
AMBER,EQ,10-Aug-2026,7435.0,7425.0,7427.5,7001.0,7095.0,7095.0,7152.5,718169,51367.03,73130, 307303, 42.79
AMBICAAGAR,EQ,10-Aug-2026,24.89,25.47,25.47,23.6,24.6,24.51,24.36,8810,2.15,144, 6100, 69.24
AMBIKCO,EQ,10-Aug-2026,1904.3,1855.0,1855.0,1611.5,1646.0,1654.1,1688.08,172512,2912.15,16180, 70581, 40.91
AMBUJACEM,EQ,10-Aug-2026,434.0,434.65,435.0,430.35,430.85,430.85,432.13,1756165,7589.0,28373, 927136, 52.79
AMCL,SM,10-Aug-2026,395.0,395.0,398.0,395.0,395.0,395.0,395.6,2000,7.91,3, 2000, 100.00
AMDIND,EQ,10-Aug-2026,46.87,48.0,48.0,46.06,47.56,47.25,47.03,8751,4.12,158, 3654, 41.76
AMEYA,SM,10-Aug-2026,104.3,108.95,109.0,108.95,109.0,109.0,108.98,2000,2.18,2, 2000, 100.00
AMIABLE,SM,10-Aug-2026,72.9,63.0,78.95,63.0,78.95,73.0,72.98,4800,3.5,3, 0, 0.00
AMJLAND,EQ,10-Aug-2026,39.36,38.56,39.5,37.61,37.62,38.16,38.49,16593,6.39,255, 14508, 87.43
AMNPLST,EQ,10-Aug-2026,194.7,196.0,206.07,196.0,197.25,199.28,200.93,11454,23.01,402, 5614, 49.01
AMRUTANJAN,EQ,10-Aug-2026,521.4,528.0,541.8,518.0,529.5,527.35,530.95,57363,304.57,2339, 29558, 51.53
ANANDRATHI,EQ,10-Aug-2026,2101.5,2113.0,2141.5,2090.0,2130.0,2131.5,2120.67,268614,5696.42,17683, 171864, 63.98
ANANTAM,IV,10-Aug-2026,105.47,105.47,106.49,105.1,105.45,105.48,105.49,86893,91.67,144, 86389, 99.42
ANANTRAJ,EQ,10-Aug-2026,615.9,620.0,628.35,593.3,602.8,604.25,609.9,2698569,16458.65,51087, 998999, 37.02
ANAWIL,ST,10-Aug-2026,270.0,329.65,346.1,313.2,346.1,346.1,328.48,3679600,12086.57,5223, 3670000, 99.74
ANDHRAPAP,EQ,10-Aug-2026,59.85,60.0,61.38,59.8,61.29,61.0,60.69,89055,54.05,895, 63308, 71.09
ANDHRSUGAR,EQ,10-Aug-2026,87.98,100.56,105.57,95.61,99.89,99.98,101.62,17423821,17706.39,82126, 2730573, 15.67
ANGELONE,EQ,10-Aug-2026,292.0,292.0,295.65,287.6,294.8,294.8,291.93,4076186,11899.6,49239, 1233071, 30.25
ANIKINDS,EQ,10-Aug-2026,43.0,42.13,44.44,42.0,42.5,42.2,42.39,2884,1.22,78, 2468, 85.58
ANKITMETAL,BZ,10-Aug-2026,1.59,1.62,1.62,1.53,1.54,1.54,1.57,5867,0.09,30, -, -
ANLON,SM,10-Aug-2026,598.05,654.95,657.85,603.6,657.85,657.85,646.5,14800,95.68,34, 13600, 91.89
ANMOL,EQ,10-Aug-2026,10.33,10.15,10.77,10.15,10.38,10.43,10.43,40480,4.22,203, 22789, 56.30
ANNAPURNA,SM,10-Aug-2026,156.55,155.3,164.0,155.3,163.1,162.75,160.92,72000,115.86,175, 63750, 88.54
ANONDITA,SM,10-Aug-2026,1040.7,1040.7,1120.0,1028.0,1088.0,1093.35,1085.51,37800,410.32,166, 28000, 74.07
ANSALAPI,BZ,10-Aug-2026,3.55,3.54,3.59,3.5,3.51,3.51,3.51,23599,0.83,43, -, -
ANTELOPUS,EQ,10-Aug-2026,799.45,799.5,814.0,787.2,792.0,792.1,797.12,113094,901.5,6227, 55169, 48.78
ANTGRAPHIC,EQ,10-Aug-2026,0.74,0.75,0.77,0.73,0.75,0.74,0.74,84280,0.63,157, 71338, 84.64
ANTHEM,EQ,10-Aug-2026,841.0,845.0,865.9,843.05,852.8,853.0,856.27,1250850,10710.71,44986, 671843, 53.71
ANUHPHR,EQ,10-Aug-2026,79.32,79.99,80.0,77.5,77.6,77.64,78.14,105322,82.3,867, 87619, 83.19
ANUP,EQ,10-Aug-2026,1896.0,1871.0,1927.5,1841.0,1868.0,1866.8,1883.75,58484,1101.69,7999, 22708, 38.83
ANURAS,EQ,10-Aug-2026,1214.6,1215.0,1217.0,1209.5,1212.0,1216.3,1214.91,73071,887.75,1726, 62083, 84.96
ANYA,SM,10-Aug-2026,15.25,15.3,15.5,15.3,15.5,15.5,15.4,10000,1.54,2, 10000, 100.00
AONEGOLD,EQ,10-Aug-2026,13.92,14.04,14.12,13.92,14.07,14.04,14.05,704395,98.98,2025, 359450, 51.03
AONELIQUID,EQ,10-Aug-2026,1071.78,1071.93,1071.93,1071.91,1071.91,1071.91,1071.91,42721,457.93,155, 39547, 92.57
AONENIFTY,EQ,10-Aug-2026,10.14,10.39,10.39,10.02,10.17,10.14,10.15,168294,17.09,1733, 115992, 68.92
AONESILVER,EQ,10-Aug-2026,8.78,8.99,8.99,8.76,8.82,8.79,8.81,621714,54.77,1493, 379299, 61.01
AONETMMQ50,EQ,10-Aug-2026,10.21,10.26,10.34,10.21,10.3,10.32,10.29,330256,33.97,335, 300612, 91.02
AONETOTAL,EQ,10-Aug-2026,12.11,12.35,12.35,11.75,12.12,12.09,12.11,241773,29.28,1918, 115148, 47.63
APARINDS,EQ,10-Aug-2026,16631.0,16660.0,17043.0,16333.0,16464.0,16448.0,16675.32,171682,28628.52,41541, 67125, 39.10
APCL,EQ,10-Aug-2026,102.14,101.55,105.9,101.55,102.5,102.85,104.14,5055,5.26,120, 1731, 34.24
APCOTEXIND,EQ,10-Aug-2026,614.8,614.5,634.0,611.0,624.05,622.6,623.99,271630,1694.95,10367, 123345, 45.41
APEX,EQ,10-Aug-2026,376.75,373.45,389.75,370.4,388.0,385.85,381.53,157924,602.53,6810, 67279, 42.60
APEXECO,ST,10-Aug-2026,273.05,272.9,286.7,272.9,275.0,275.45,279.98,16800,47.04,21, 15200, 90.48
APLAPOLLO,EQ,10-Aug-2026,1970.0,1974.9,2020.0,1951.7,2020.0,2020.0,1993.9,587468,11713.5,32850, 299919, 51.05
APLLTD,EQ,10-Aug-2026,830.1,834.0,855.9,827.1,834.0,831.35,835.47,83817,700.27,7585, 38967, 46.49
APOLLO,EQ,10-Aug-2026,403.85,406.0,407.7,385.15,387.0,388.25,391.65,6899261,27020.69,78501, 2855474, 41.39
APOLLOHOSP,EQ,10-Aug-2026,8945.0,8945.0,8971.0,8865.5,8912.0,8912.0,8902.47,411854,36665.19,39988, 305025, 74.06
APOLLOPIPE,EQ,10-Aug-2026,517.35,508.65,528.0,506.3,508.9,507.25,517.86,928314,4807.32,10340, 567690, 61.15
APOLLOTYRE,EQ,10-Aug-2026,445.0,444.0,452.0,438.95,445.75,445.95,446.1,709497,3165.07,24016, 312580, 44.06
APOLSINHOT,EQ,10-Aug-2026,1209.2,1325.0,1325.0,1225.2,1227.0,1233.2,1252.07,1405,17.59,257, 865, 61.57
APRAMEYA,SM,10-Aug-2026,142.6,145.95,147.05,144.0,147.05,147.05,145.59,5000,7.28,9, 5000, 100.00
APS,SM,10-Aug-2026,249.35,255.9,255.9,245.5,246.5,246.8,248.19,25750,63.91,98, 17000, 66.02
APSISAERO,ST,10-Aug-2026,466.1,475.2,475.4,475.2,475.4,475.4,475.35,24000,114.08,18, 24000, 100.00
APTECHT,BE,10-Aug-2026,96.27,97.0,97.68,94.5,95.9,94.73,95.49,35264,33.67,473, -, -
APTUS,EQ,10-Aug-2026,260.65,261.3,261.85,251.6,253.4,253.25,255.57,958585,2449.9,21137, 636709, 66.42
AQYLON,EQ,10-Aug-2026,26.93,27.4,27.78,26.18,26.95,26.73,27.11,1371314,371.74,2481, 681561, 49.70
ARABIAN,SM,10-Aug-2026,89.65,91.45,92.4,90.0,92.0,91.75,91.33,48000,43.84,24, 46000, 95.83
ARCHIDPLY,EQ,10-Aug-2026,89.49,96.5,98.25,91.9,96.0,95.3,95.83,181969,174.38,1731, 103099, 56.66
ARCHIES,EQ,10-Aug-2026,14.06,14.08,14.1,13.92,13.96,13.92,14.03,6433,0.9,53, 5927, 92.13
ARCIIL,SM,10-Aug-2026,37.5,37.5,37.5,37.5,37.5,37.5,37.5,1000,0.38,1, 1000, 100.00
ARE&M,EQ,10-Aug-2026,931.7,935.9,942.6,891.9,896.9,897.7,914.33,1567187,14329.33,61766, 526945, 33.62
ARENTERP,EQ,10-Aug-2026,37.91,38.95,38.95,36.0,36.52,36.74,36.98,1900,0.7,63, 1305, 68.68
ARFIN,EQ,10-Aug-2026,88.03,88.8,90.78,86.46,86.51,87.15,88.16,1586313,1398.55,4342, 79528, 5.01
ARHAM,SM,10-Aug-2026,186.5,187.5,194.8,185.5,194.05,193.3,189.31,76000,143.88,58, 36000, 47.37
ARIES,EQ,10-Aug-2026,339.25,344.8,354.2,339.1,345.05,344.8,344.37,10581,36.44,433, 7266, 68.67
ARIHANT,EQ,10-Aug-2026,1124.6,1133.5,1133.9,1107.0,1126.0,1124.3,1124.41,773,8.69,118, 514, 66.49
ARIHANTCAP,EQ,10-Aug-2026,75.47,75.1,76.68,75.05,76.1,75.79,75.86,134014,101.66,1446, 77953, 58.17
ARIHANTSUP,EQ,10-Aug-2026,265.5,262.0,269.05,260.05,261.25,261.9,262.63,6402,16.81,157, 4883, 76.27
ARIS,EQ,10-Aug-2026,132.42,133.45,137.58,131.23,136.46,136.5,135.86,1696459,2304.73,15925, 574928, 33.89
ARKADE,EQ,10-Aug-2026,140.02,140.03,140.8,134.0,134.6,134.54,135.91,355905,483.72,2588, 189536, 53.25
ARMANFIN,EQ,10-Aug-2026,2032.0,2020.0,2032.0,1907.0,1990.0,1984.4,1963.73,76652,1505.24,9820, 39314, 51.29
ARMOUR,ST,10-Aug-2026,18.35,19.2,19.2,18.55,18.55,18.55,18.88,4000,0.76,2, 2000, 50.00
AROGRANITE,EQ,10-Aug-2026,25.33,25.01,25.9,24.75,24.75,24.77,25.0,11624,2.91,127, 10014, 86.15
ARROWGREEN,BE,10-Aug-2026,781.4,783.0,787.95,755.0,765.0,772.3,765.64,23986,183.65,439, -, -
ARSHIYA,BZ,10-Aug-2026,0.96,0.97,0.98,0.92,0.94,0.93,0.95,270156,2.57,124, -, -
ARSSBL,EQ,10-Aug-2026,504.0,502.05,507.0,499.05,501.5,500.6,502.16,203214,1020.46,6256, 115900, 57.03
ARTEMISMED,EQ,10-Aug-2026,316.3,320.9,325.9,313.65,316.35,315.95,320.81,479872,1539.48,16736, 147774, 30.79
ARTNIRMAN,EQ,10-Aug-2026,42.49,44.9,44.9,41.5,41.81,41.91,44.03,3432,1.51,26, 3308, 96.39
ARUNAYA,ST,10-Aug-2026,15.55,15.5,15.65,15.5,15.65,15.65,15.6,6000,0.94,3, 6000, 100.00
ARVEE,EQ,10-Aug-2026,156.52,156.52,171.0,155.01,155.1,155.1,157.46,6390,10.06,158, 4079, 63.83
ARVIND,EQ,10-Aug-2026,560.55,563.0,564.95,543.6,549.0,550.65,552.8,672363,3716.8,31936, 338097, 50.28
ARVINDFASN,EQ,10-Aug-2026,458.8,458.8,465.75,450.1,460.4,460.25,458.84,265295,1217.28,14009, 161703, 60.95
ARVINDPORT,SM,10-Aug-2026,32.5,32.9,32.9,31.0,31.0,31.0,31.58,7500,2.37,5, 6000, 80.00
ARVSMART,EQ,10-Aug-2026,650.75,650.75,684.75,649.15,652.5,658.95,666.3,1145511,7632.52,30122, 224181, 19.57
ASAHIINDIA,EQ,10-Aug-2026,898.7,898.7,907.0,891.2,900.0,902.9,901.76,81444,734.43,7136, 39241, 48.18
ASAHISONG,BE,10-Aug-2026,365.5,368.5,368.5,352.7,355.0,355.85,358.8,22641,81.24,204, -, -
ASAL,EQ,10-Aug-2026,505.95,505.95,510.95,490.5,495.4,498.55,502.22,28686,144.07,1477, 18250, 63.62
ASALCBR,EQ,10-Aug-2026,732.9,736.0,741.65,729.1,737.0,735.0,735.69,33455,246.13,2663, 18570, 55.51
ASCOM,ST,10-Aug-2026,258.75,245.85,245.85,245.85,245.85,245.85,245.85,1500,3.69,3, 1500, 100.00
ASHALOG,SM,10-Aug-2026,58.95,59.0,62.0,59.0,60.95,60.95,60.7,17000,10.32,16, 15000, 88.24
ASHAPURMIN,EQ,10-Aug-2026,738.35,660.0,678.6,640.0,643.9,644.7,658.53,2474473,16295.11,68197, 1052522, 42.54
ASHIANA,EQ,10-Aug-2026,375.85,375.0,384.0,371.35,383.5,382.95,378.96,51266,194.28,2588, 21913, 42.74
ASHIKAG,EQ,10-Aug-2026,454.4,454.8,461.0,422.4,425.1,427.45,443.31,351292,1557.33,5996, 155808, 44.35
ASHIMASYN,EQ,10-Aug-2026,18.19,18.5,18.5,17.37,17.68,17.49,17.81,54953,9.79,350, 37169, 67.64
ASHOKA,EQ,10-Aug-2026,118.33,118.79,118.79,117.5,118.0,117.98,117.93,532277,627.71,4240, 358452, 67.34
ASHOKAMET,EQ,10-Aug-2026,14.23,14.23,14.3,13.93,14.05,14.02,14.09,21317,3.0,128, 18907, 88.69
ASHOKLEY,EQ,10-Aug-2026,177.5,177.5,179.0,173.8,174.0,174.0,176.66,14528731,25667.11,67974, 7914066, 54.47
ASHWINI,SM,10-Aug-2026,189.0,193.05,202.85,193.0,196.0,196.8,199.93,119000,237.91,97, 65000, 54.62
ASIANENE,EQ,10-Aug-2026,408.55,408.55,408.7,400.5,401.0,402.7,404.13,225812,912.57,6283, 112278, 49.72
ASIANHOTNR,EQ,10-Aug-2026,312.7,311.5,323.0,308.1,312.15,316.1,314.77,18064,56.86,1222, 9027, 49.97
ASIANPAINT,EQ,10-Aug-2026,2735.0,2724.7,2761.5,2713.5,2750.0,2750.0,2745.69,977656,26843.36,65407, 644008, 65.87
ASIANTILES,EQ,10-Aug-2026,55.11,54.05,55.75,53.55,54.02,53.84,54.68,2913185,1592.91,8645, 1625634, 55.80
ASKAUTOLTD,EQ,10-Aug-2026,634.95,648.95,667.7,636.4,659.0,655.6,653.4,1159253,7574.55,35657, 292642, 25.24
ASMS,BE,10-Aug-2026,7.25,7.25,7.38,7.06,7.36,7.35,7.25,131653,9.55,352, -, -
ASPINWALL,EQ,10-Aug-2026,239.41,244.0,244.0,228.0,230.0,230.13,232.44,2554,5.94,150, 2126, 83.24
ASPIRE,SM,10-Aug-2026,14.75,14.05,15.2,14.05,15.2,15.2,14.63,4000,0.59,2, 2000, 50.00
ASTAR,EQ,10-Aug-2026,593.05,629.0,629.0,599.0,599.0,599.0,614.0,4,0.02,4, 4, 100.00
ASTEC,EQ,10-Aug-2026,620.5,618.1,627.9,616.0,617.6,620.65,622.16,7786,48.44,747, 3431, 44.07
ASTERDM,EQ,10-Aug-2026,869.7,868.9,891.3,862.6,865.7,867.15,877.36,1012707,8885.09,66611, 549485, 54.26
ASTRAL,EQ,10-Aug-2026,1444.0,1445.0,1449.7,1431.1,1437.0,1437.0,1437.67,199026,2861.34,18586, 112671, 56.61
ASTRAMICRO,EQ,10-Aug-2026,1840.0,1839.9,1846.9,1675.0,1729.9,1734.7,1736.95,1481114,25726.21,86463, 441585, 29.81
ASTRAZEN,EQ,10-Aug-2026,8191.0,8259.0,8259.0,7722.0,8098.5,8090.0,8046.58,47975,3860.35,10691, 14354, 29.92
ASTRON,BZ,10-Aug-2026,3.74,3.75,3.78,3.57,3.66,3.66,3.64,42674,1.55,108, -, -
ATALREAL,EQ,10-Aug-2026,35.3,35.48,35.88,34.5,34.65,34.57,35.29,14749617,5205.66,9141, 1611452, 10.93
ATAM,EQ,10-Aug-2026,64.69,64.69,65.98,62.5,65.45,65.04,64.8,8900,5.77,218, 2732, 30.70
ATCENERGY,ST,10-Aug-2026,25.9,25.4,25.4,25.4,25.4,25.4,25.4,4800,1.22,4, 4800, 100.00
ATGL,EQ,10-Aug-2026,657.55,656.9,665.7,652.0,660.9,660.1,658.66,480802,3166.86,14994, 154763, 32.19
ATHERENERG,EQ,10-Aug-2026,1481.5,1488.0,1520.0,1457.0,1470.2,1466.2,1483.36,3972989,58933.76,108203, 1163892, 29.30
ATL,EQ,10-Aug-2026,25.07,25.84,25.84,24.9,24.95,25.02,25.3,184021,46.55,936, 107720, 58.54
ATLANTAA,EQ,10-Aug-2026,40.13,40.7,45.99,39.23,45.82,45.19,43.23,459201,198.49,2330, 375535, 81.78
ATLANTAELE,EQ,10-Aug-2026,1607.4,1629.0,1629.0,1592.6,1605.0,1607.3,1609.04,43834,705.31,4983, 24841, 56.67
ATLASCYCLE,EQ,10-Aug-2026,99.72,99.7,99.7,96.76,97.0,96.95,97.31,3479,3.39,147, 2464, 70.82
ATLPP,E1,10-Aug-2026,9.05,9.09,9.99,8.51,9.03,9.03,9.16,2826,0.26,16, 2826, 100.00
ATMASTCO,ST,10-Aug-2026,149.55,150.0,151.9,146.1,147.0,147.0,149.07,11600,17.29,15, 11200, 96.55
ATUL,EQ,10-Aug-2026,6774.0,6780.0,6925.0,6780.0,6850.0,6854.0,6863.79,53836,3695.19,11960, 27939, 51.90
ATULAUTO,EQ,10-Aug-2026,576.9,574.25,574.25,505.05,509.0,509.15,525.99,1092128,5744.49,32364, 404108, 37.00
AUBANK,EQ,10-Aug-2026,1067.0,1068.3,1071.9,1061.0,1068.0,1068.0,1066.39,812656,8666.09,30568, 491379, 60.47
AURIONPRO,EQ,10-Aug-2026,727.25,727.0,747.0,723.6,730.0,730.0,735.47,290709,2138.09,7994, 190926, 65.68
AUROIMPEX,SM,10-Aug-2026,26.5,26.5,26.5,26.5,26.5,26.5,26.5,1600,0.42,1, 1600, 100.00
AUROPHARMA,EQ,10-Aug-2026,1658.0,1668.0,1671.9,1635.2,1648.0,1648.0,1655.03,1165336,19286.71,45731, 602295, 51.68
AURUM,EQ,10-Aug-2026,226.01,224.11,232.94,224.11,232.0,231.27,229.37,362093,830.55,5663, 229545, 63.39
AURUS,EQ,10-Aug-2026,4.81,4.81,4.99,4.61,4.69,4.79,4.8,34015,1.63,333, 12152, 35.73
AUSL,SM,10-Aug-2026,24.25,24.6,25.45,24.5,25.45,25.45,25.01,12000,3.0,6, 10000, 83.33
AUSOMENT,BE,10-Aug-2026,140.88,134.01,143.8,134.01,141.0,140.04,139.96,1557,2.18,27, -, -
AUTOAXLES,EQ,10-Aug-2026,1827.8,1827.9,1848.9,1812.0,1814.5,1821.4,1830.91,5287,96.8,835, 2887, 54.61
AUTOBEES,EQ,10-Aug-2026,307.43,310.45,310.45,306.38,308.0,307.21,308.18,431883,1330.96,4182, 297408, 68.86
AUTOIETF,EQ,10-Aug-2026,30.7,31.46,31.46,30.67,30.7,30.72,30.81,730230,224.99,2848, 480977, 65.87
AUTOIND,BE,10-Aug-2026,93.83,92.0,94.74,89.14,93.5,92.95,92.19,104408,96.25,542, -, -
AVADHSUGAR,EQ,10-Aug-2026,601.05,610.0,665.0,610.0,636.2,635.1,632.73,231853,1467.0,6312, 83351, 35.95
AVALON,EQ,10-Aug-2026,1965.3,1968.0,2004.0,1896.2,1930.0,1923.7,1946.43,622470,12115.96,52330, 246008, 39.52
AVANA,ST,10-Aug-2026,149.55,143.45,152.0,143.45,152.0,152.0,146.09,16000,23.38,7, 14000, 87.50
AVANTEL,EQ,10-Aug-2026,163.43,163.43,163.77,161.21,162.58,162.29,162.2,488048,791.62,4895, 214226, 43.89
AVANTIFEED,EQ,10-Aug-2026,906.55,906.55,919.5,897.15,901.05,903.75,907.7,243444,2209.74,11712, 103620, 42.56
AVATAR,ST,10-Aug-2026,197.75,207.0,207.6,197.8,207.6,207.6,206.43,18000,37.16,7, 18000, 100.00
AVG,BE,10-Aug-2026,198.72,204.8,204.8,198.05,199.0,198.84,200.15,5720,11.45,94, -, -
AVIANSH,SM,10-Aug-2026,105.5,104.0,104.0,104.0,104.0,104.0,104.0,1000,1.04,1, 1000, 100.00
AVIENCE,SM,10-Aug-2026,246.05,247.25,255.55,246.5,246.5,246.5,250.17,10200,25.52,17, 6600, 64.71
AVL,EQ,10-Aug-2026,618.45,618.05,626.75,612.35,620.5,624.3,621.21,102535,636.96,5839, 53146, 51.83
AVONMORE,EQ,10-Aug-2026,10.93,11.0,11.55,10.65,11.1,11.09,11.16,514655,57.44,787, 402753, 78.26
AVPINFRA,SM,10-Aug-2026,63.65,61.0,65.05,61.0,61.3,61.4,62.41,41600,25.96,43, 24000, 57.69
AVROIND,EQ,10-Aug-2026,9.1,9.08,9.08,8.51,8.7,8.64,8.71,189681,16.52,854, 131047, 69.09
AVTNPL,EQ,10-Aug-2026,71.86,72.0,72.87,71.5,71.5,71.77,71.92,46497,33.44,849, 33304, 71.63
AWFIS,EQ,10-Aug-2026,271.65,271.65,272.3,267.6,269.7,269.6,269.79,151781,409.48,3282, 81914, 53.97
AWHCL,EQ,10-Aug-2026,415.75,417.95,429.0,411.4,422.0,417.35,417.34,169118,705.8,7629, 82634, 48.86
AWL,EQ,10-Aug-2026,197.5,197.95,197.95,195.6,195.7,196.13,196.59,948321,1864.32,14061, 554724, 58.50
AXISBANK,EQ,10-Aug-2026,1238.0,1235.0,1250.0,1235.0,1247.3,1247.3,1244.19,3661847,45560.26,123536, 2381673, 65.04
AXISCADES,EQ,10-Aug-2026,1598.5,1600.2,1612.1,1546.0,1555.5,1554.8,1579.98,104459,1650.44,7603, 59421, 56.88
AXITA,EQ,10-Aug-2026,7.3,7.33,7.38,7.28,7.29,7.3,7.3,187251,13.68,627, 130945, 69.93
AYE,EQ,10-Aug-2026,170.47,169.0,179.69,168.5,177.1,177.94,175.2,913102,1599.74,12747, 387299, 42.42
AYMSYNTEX,EQ,10-Aug-2026,247.95,247.5,259.45,247.5,257.05,256.6,256.8,27986,71.87,1038, 16374, 58.51
AZAD,EQ,10-Aug-2026,2489.0,2475.9,2589.0,2328.0,2540.0,2549.7,2505.78,1286070,32226.13,78555, 419591, 32.63
BABAFP,SM,10-Aug-2026,25.0,25.65,25.65,23.85,23.85,23.85,24.26,11200,2.72,6, 9600, 85.71
BAFNAPH,BE,10-Aug-2026,285.0,290.7,290.7,279.3,279.3,279.3,284.34,23602,67.11,100, -, -
BAGDIGITAL,SM,10-Aug-2026,109.6,111.0,111.0,111.0,111.0,111.0,111.0,1600,1.78,1, 1600, 100.00
BAGFILMS,EQ,10-Aug-2026,4.32,4.3,4.4,4.24,4.38,4.36,4.33,47804,2.07,166, 36506, 76.37
BAGMANE,RR,10-Aug-2026,107.38,107.8,108.75,107.55,108.7,108.7,108.43,640748,694.74,7405, 600892, 93.78
BAHETI,SM,10-Aug-2026,769.55,765.0,788.5,765.0,786.0,782.8,778.19,22125,172.18,41, 11625, 52.54
BAIDFIN,EQ,10-Aug-2026,10.03,10.03,10.08,9.92,9.97,9.98,9.98,24682,2.46,178, 22742, 92.14
BAJAJ-AUTO,EQ,10-Aug-2026,11662.0,11662.0,11786.0,11615.0,11677.0,11677.0,11714.68,199134,23327.92,33029, 114238, 57.37
BAJAJCON,EQ,10-Aug-2026,537.45,539.65,551.1,533.2,546.7,547.05,544.11,276131,1502.46,11361, 161419, 58.46
BAJAJELEC,EQ,10-Aug-2026,371.15,374.35,374.35,361.05,363.0,363.1,365.64,454150,1660.56,10307, 187105, 41.20
BAJAJFINSV,EQ,10-Aug-2026,2008.9,2009.0,2037.1,1992.6,2021.3,2021.3,2019.82,944721,19081.62,67904, 516252, 54.65
BAJAJHCARE,EQ,10-Aug-2026,329.8,329.8,334.8,326.05,328.0,330.25,329.34,98671,324.97,3227, 40745, 41.29
BAJAJHFL,EQ,10-Aug-2026,85.79,85.59,85.75,84.96,85.09,85.06,85.14,3151616,2683.32,20231, 1791687, 56.85
BAJAJHIND,EQ,10-Aug-2026,17.57,17.65,18.48,17.43,18.14,18.1,18.14,9867692,1790.04,15853, 3398951, 34.45
BAJAJHLDNG,EQ,10-Aug-2026,11263.0,11263.0,11498.0,11219.0,11471.0,11471.0,11404.36,36334,4143.66,10265, 16874, 46.44
BAJAJINDEF,EQ,10-Aug-2026,232.57,230.0,237.0,230.0,230.05,231.25,233.21,15468,36.07,459, 9490, 61.35
BAJAJST,EQ,10-Aug-2026,390.4,396.0,421.85,381.55,395.0,393.55,397.21,50679,201.3,2182, 25180, 49.69
BAJEL,EQ,10-Aug-2026,191.78,195.04,199.88,189.44,192.7,191.93,195.09,1089531,2125.52,19263, 220176, 20.21
BAJFINANCE,EQ,10-Aug-2026,1078.0,1078.0,1106.1,1070.8,1102.2,1102.2,1091.38,7303098,79704.84,106103, 4605173, 63.06
BALAJEE,EQ,10-Aug-2026,27.17,27.7,28.0,27.21,27.5,27.39,27.48,24246,6.66,195, 17280, 71.27
BALAJIPHOS,SM,10-Aug-2026,89.0,91.0,92.0,90.0,92.0,92.0,90.35,15000,13.55,8, 15000, 100.00
BALAJITELE,EQ,10-Aug-2026,85.72,86.32,93.99,86.14,90.5,90.43,91.18,806009,734.88,8221, 344081, 42.69
BALAMINES,EQ,10-Aug-2026,2029.6,2039.0,2085.0,1996.1,2049.9,2046.1,2045.47,122819,2512.23,12637, 42390, 34.51
BALAXI,EQ,10-Aug-2026,24.32,24.7,24.7,24.0,24.11,24.2,24.47,23098,5.65,103, 18047, 78.13
BALCO,ST,10-Aug-2026,17.15,17.15,17.15,17.15,17.15,17.15,17.15,1200,0.21,1, 1200, 100.00
BALKRISHNA,EQ,10-Aug-2026,17.66,17.22,18.49,17.2,17.31,17.37,17.56,31488,5.53,143, 16912, 53.71
BALKRISIND,EQ,10-Aug-2026,2466.3,2482.0,2547.0,2475.1,2524.0,2524.6,2526.38,441369,11150.68,20159, 316807, 71.78
BALMLAWRIE,EQ,10-Aug-2026,175.19,175.77,175.77,173.4,173.99,173.82,174.26,73880,128.74,2103, 50787, 68.74
BALPHARMA,EQ,10-Aug-2026,89.23,89.45,93.0,88.66,91.0,90.9,91.22,37966,34.63,1053, 23674, 62.36
BALRAMCHIN,EQ,10-Aug-2026,633.45,636.95,659.15,634.55,655.5,655.25,647.7,890042,5764.79,26180, 338941, 38.08
BALUFORGE,EQ,10-Aug-2026,469.05,473.0,475.4,458.95,463.0,461.2,465.54,1075900,5008.71,16156, 532484, 49.49
BANARBEADS,EQ,10-Aug-2026,113.86,116.99,116.99,113.2,114.4,114.39,115.25,1963,2.26,67, 1466, 74.68
BANARISUG,EQ,10-Aug-2026,3491.0,3490.0,3519.5,3475.0,3475.0,3477.1,3489.3,451,15.74,61, 362, 80.27
BANCOINDIA,EQ,10-Aug-2026,686.95,678.0,679.0,625.0,626.0,627.5,634.04,702712,4455.47,29599, 342959, 48.81
BANDHANBNK,EQ,10-Aug-2026,176.02,176.05,176.67,172.3,172.62,172.62,173.98,6631422,11537.34,54300, 3868378, 58.33
BANG,EQ,10-Aug-2026,30.01,30.7,30.78,29.7,30.6,30.46,30.4,18914,5.75,90, 8321, 43.99
BANK10ADD,EQ,10-Aug-2026,17.05,17.13,17.13,16.97,17.09,17.03,17.04,35113,5.98,118, 14896, 42.42
BANK10BETF,EQ,10-Aug-2026,21.01,21.11,21.55,20.86,21.45,21.53,21.13,2227,0.47,19, 2227, 100.00
BANKA,EQ,10-Aug-2026,86.31,86.1,86.5,82.5,82.52,84.85,84.33,4406,3.72,75, 3791, 86.04
BANKADD,EQ,10-Aug-2026,59.19,59.48,59.48,58.92,59.19,59.07,59.06,83333,49.22,158, 50078, 60.09
BANKBARODA,EQ,10-Aug-2026,250.7,250.11,250.98,246.17,247.81,247.81,248.75,6890654,17140.47,79322, 3700598, 53.70
BANKBEES,EQ,10-Aug-2026,598.78,598.99,601.24,595.01,596.83,596.77,597.3,672955,4019.58,7786, 381782, 56.73
BANKBETA,EQ,10-Aug-2026,59.74,60.93,60.93,59.55,59.59,59.68,59.64,954185,569.03,818, 713789, 74.81
BANKBETF,EQ,10-Aug-2026,58.8,58.81,59.06,58.52,58.8,58.73,58.64,33407,19.59,219, 32569, 97.49
BANKETF,EQ,10-Aug-2026,589.55,590.9,590.9,586.6,588.52,587.06,587.4,13920,81.77,246, 11816, 84.89
BANKIETF,EQ,10-Aug-2026,59.44,59.73,59.73,59.16,59.32,59.21,59.27,284975,168.89,2092, 186280, 65.37
BANKINDIA,EQ,10-Aug-2026,145.0,145.0,145.34,140.5,141.0,141.0,142.26,6552285,9321.24,31364, 3010008, 45.94
BANKNIFTY1,EQ,10-Aug-2026,60.12,60.12,60.49,58.78,60.05,59.99,59.96,191532,114.85,1522, 113791, 59.41
BANKPSU,EQ,10-Aug-2026,88.6,89.1,89.1,87.0,87.29,87.14,87.94,29238,25.71,305, 15932, 54.49
BANSALWIRE,EQ,10-Aug-2026,332.2,340.0,340.0,320.7,322.0,322.55,326.99,149771,489.74,7639, 83386, 55.68
BANSWRAS,EQ,10-Aug-2026,123.88,124.02,124.97,121.2,124.19,124.19,123.44,18159,22.42,352, 13512, 74.41
BARFLEX,SM,10-Aug-2026,55.0,55.0,55.0,53.7,54.9,54.9,54.53,6000,3.27,3, 4000, 66.67
BASF,EQ,10-Aug-2026,4091.0,4117.5,4152.0,4019.4,4040.0,4031.6,4081.73,43471,1774.37,8053, 19551, 44.97
BASILIC,SM,10-Aug-2026,191.9,190.0,202.0,189.3,200.0,199.85,198.55,25200,50.04,71, 20100, 79.76
BASML,BE,10-Aug-2026,27.04,27.6,28.39,27.25,28.25,28.34,28.16,258563,72.8,327, -, -
BATAINDIA,EQ,10-Aug-2026,720.5,720.7,726.25,710.6,711.0,712.85,718.02,170529,1224.43,11424, 85122, 49.92
BATLIBOI,EQ,10-Aug-2026,91.13,90.0,91.18,86.5,88.1,87.77,88.66,87919,77.95,1831, 45215, 51.43
BAWEJA,ST,10-Aug-2026,26.05,24.85,26.45,24.75,24.75,24.85,25.03,32800,8.21,31, 30400, 92.68
BAYERCROP,EQ,10-Aug-2026,4177.2,4192.0,4195.4,4150.0,4152.0,4157.3,4159.28,15060,626.39,3290, 10063, 66.82
BBETF0432,EQ,10-Aug-2026,1353.29,1353.67,1361.84,1349.03,1349.03,1353.41,1351.91,10936,147.84,105, 10544, 96.42
BBL,EQ,10-Aug-2026,2329.4,2250.0,2324.5,2249.9,2297.1,2299.5,2297.16,33540,770.47,3900, 19839, 59.15
BBNPNBETF,EQ,10-Aug-2026,58.46,57.3,58.67,57.3,58.67,58.3,58.08,1982,1.15,42, 1575, 79.47
BBNPPGOLD,EQ,10-Aug-2026,144.3,145.0,146.6,143.15,146.1,145.7,145.69,9225,13.44,144, 5053, 54.78
BBOX,EQ,10-Aug-2026,744.45,744.45,760.0,743.2,759.0,757.55,754.55,162362,1225.1,9298, 85783, 52.83
BBTC,EQ,10-Aug-2026,1504.1,1500.1,1527.8,1495.5,1507.0,1509.5,1513.86,28128,425.82,4050, 13331, 47.39
BBTCL,EQ,10-Aug-2026,225.3,224.8,227.0,222.0,222.0,222.65,223.7,4204,9.4,75, 2874, 68.36
BCG,EQ,10-Aug-2026,9.3,9.3,10.4,9.25,9.83,9.88,10.04,27780596,2788.89,32735, 9658734, 34.77
BCLIND,EQ,10-Aug-2026,36.96,37.0,37.9,36.56,37.73,37.34,37.46,965189,361.52,4409, 434401, 45.01
BCONCEPTS,EQ,10-Aug-2026,173.82,180.0,180.0,170.0,170.7,170.91,171.23,10147,17.37,565, 6882, 67.82
BCPL,EQ,10-Aug-2026,69.77,71.47,71.47,69.15,69.89,69.52,69.78,3350,2.34,118, 2370, 70.75
BDL,EQ,10-Aug-2026,1294.0,1294.0,1313.2,1280.0,1310.0,1310.0,1299.83,886389,11521.57,32344, 336308, 37.94
BEACON,ST,10-Aug-2026,91.95,91.1,91.1,90.0,90.8,90.8,90.76,5000,4.54,5, 5000, 100.00
BEARDSELL,EQ,10-Aug-2026,27.24,27.25,27.84,26.52,26.99,26.79,26.9,19457,5.23,376, 12004, 61.70
BECTORFOOD,EQ,10-Aug-2026,224.4,227.4,237.69,225.62,233.1,233.28,231.56,10441814,24179.05,104921, 2389010, 22.88
BEDMUTHA,EQ,10-Aug-2026,113.01,116.1,116.1,110.5,112.05,112.05,112.89,4812,5.43,52, 4636, 96.34
BEEKAY,EQ,10-Aug-2026,394.0,394.0,400.0,388.5,395.0,394.0,394.79,5423,21.41,137, 4400, 81.14
BEL,EQ,10-Aug-2026,401.0,402.0,405.65,399.25,404.35,404.35,402.78,7836426,31563.17,99035, 4411107, 56.29
BELLACASA,EQ,10-Aug-2026,241.85,247.32,247.99,240.0,241.15,241.95,243.83,5543,13.52,451, 3371, 60.82
BELRISE,EQ,10-Aug-2026,248.21,250.69,256.11,249.46,253.4,252.77,253.67,6590671,16718.83,63721, 2772260, 42.06
BEML,EQ,10-Aug-2026,1787.8,1794.9,1916.5,1774.0,1885.3,1884.4,1883.77,2639115,49714.96,128256, 479604, 18.17
BENGALASM,EQ,10-Aug-2026,6178.5,6179.5,6337.5,6179.5,6251.5,6260.0,6266.64,156,9.78,110, 51, 32.69
BEPL,EQ,10-Aug-2026,123.57,123.97,127.78,122.22,126.1,126.14,126.11,2671330,3368.72,20246, 973221, 36.43
BERGEPAINT,EQ,10-Aug-2026,530.55,536.0,543.5,530.8,540.8,542.1,539.54,272470,1470.08,12087, 138019, 50.65
BESTAGRO,EQ,10-Aug-2026,20.08,20.08,20.74,19.5,19.6,19.84,20.13,1649417,331.96,4170, 628319, 38.09
BETA,EQ,10-Aug-2026,2373.7,2366.0,2579.8,2366.0,2523.8,2504.0,2515.07,65018,1635.25,8308, 28056, 43.15
BEWLTD,SM,10-Aug-2026,55.1,55.05,55.05,52.35,52.35,52.55,53.54,33500,17.93,47, 26500, 79.10
BFINVEST,EQ,10-Aug-2026,469.55,474.6,484.0,468.5,475.65,478.4,477.39,51960,248.05,2368, 23231, 44.71
BFSI,EQ,10-Aug-2026,27.61,27.6,27.74,27.41,27.63,27.59,27.53,1023456,281.8,952, 907384, 88.66
BFUTILITIE,EQ,10-Aug-2026,558.6,557.2,571.8,555.55,562.45,563.05,564.15,41832,235.99,2281, 16363, 39.12
BGLOBAL,BZ,10-Aug-2026,3.27,3.27,3.43,3.12,3.2,3.27,3.38,28933,0.98,70, -, -
BGRENERGY,BE,10-Aug-2026,266.7,266.7,274.5,258.25,264.75,260.85,264.36,35639,94.22,533, -, -
BHADORA,ST,10-Aug-2026,92.1,92.1,96.7,92.1,96.7,96.7,96.02,26400,25.35,20, 26400, 100.00
BHAGCHEM,EQ,10-Aug-2026,285.6,289.9,289.9,276.6,284.0,285.35,281.94,117529,331.36,3353, 56995, 48.49
BHAGERIA,BE,10-Aug-2026,207.43,208.46,208.9,203.0,206.7,206.16,205.28,21888,44.93,214, -, -
BHAGYANGR,BE,10-Aug-2026,393.2,393.2,393.95,373.55,380.0,380.65,379.69,86319,327.75,1122, -, -
BHANDARI,BE,10-Aug-2026,2.86,2.85,2.9,2.83,2.88,2.85,2.87,53153,1.52,157, -, -
BHARATCOAL,EQ,10-Aug-2026,34.07,34.05,34.4,33.82,34.05,34.0,34.1,5253995,1791.69,14489, 2384243, 45.38
BHARATFORG,EQ,10-Aug-2026,2265.2,2278.8,2295.0,2056.1,2093.1,2093.1,2144.36,5058607,108474.99,182368, 1514495, 29.94
BHARATGEAR,BE,10-Aug-2026,106.25,106.25,109.99,106.0,107.11,107.67,107.17,27952,29.96,255, -, -
BHARATRAS,EQ,10-Aug-2026,1358.2,1359.8,1433.0,1356.6,1369.0,1370.3,1386.46,17715,245.61,2399, 8046, 45.42
BHARATSE,EQ,10-Aug-2026,240.89,243.7,243.9,235.5,235.5,237.05,238.95,296898,709.44,7482, 119387, 40.21
BHARATWIRE,EQ,10-Aug-2026,201.17,195.36,199.5,191.41,193.0,192.37,194.18,228377,443.47,4426, 125058, 54.76
BHARTIARTL,EQ,10-Aug-2026,1959.9,1955.0,1959.0,1935.0,1943.0,1943.0,1944.11,3671000,71368.2,120219, 2444884, 66.60
BHARTIHEXA,EQ,10-Aug-2026,1538.8,1539.7,1539.7,1493.0,1507.0,1507.0,1506.71,156072,2351.56,18538, 73780, 47.27
BHEL,EQ,10-Aug-2026,405.2,404.75,409.45,400.2,409.0,409.0,405.77,4506602,18286.62,51646, 1549046, 34.37
BI,EQ,10-Aug-2026,62.92,63.22,63.25,60.62,60.75,60.75,61.56,7199,4.43,83, 6011, 83.50
BIGBLOC,EQ,10-Aug-2026,46.85,50.0,50.0,46.6,47.08,46.93,48.08,118046,56.76,1198, 73675, 62.41
BIKAJI,EQ,10-Aug-2026,623.5,626.0,628.7,622.5,623.0,623.3,624.94,39883,249.25,2847, 21144, 53.02
BIKEWO,ST,10-Aug-2026,78.5,82.4,82.4,82.4,82.4,82.4,82.4,34000,28.02,15, 34000, 100.00
BIL,EQ,10-Aug-2026,830.35,823.2,841.9,793.2,818.25,827.15,819.98,4400,36.08,345, 2807, 63.80
BILVYAPAR,BE,10-Aug-2026,4.08,4.27,4.27,4.14,4.26,4.25,4.24,7306,0.31,37, -, -
BIMETAL,EQ,10-Aug-2026,665.45,665.8,670.0,647.5,650.0,651.95,660.71,436,2.88,70, 394, 90.37
BIOCON,EQ,10-Aug-2026,426.35,426.0,429.9,423.0,426.1,426.1,425.41,2289723,9740.76,29382, 1165819, 50.92
BIOFILCHEM,EQ,10-Aug-2026,32.39,32.57,33.61,32.12,32.97,32.64,32.65,9809,3.2,126, 7111, 72.49
BIOPOL,SM,10-Aug-2026,101.9,101.9,104.95,97.0,102.8,102.9,102.71,274800,282.24,137, 103200, 37.55
BIRET,RR,10-Aug-2026,344.99,346.6,347.24,345.26,346.95,346.69,346.09,289236,1001.02,5474, 274642, 94.95
BIRLACABLE,BE,10-Aug-2026,254.21,256.6,266.92,245.3,266.92,266.92,257.77,288226,742.97,2400, -, -
BIRLACORPN,EQ,10-Aug-2026,914.35,918.0,918.0,894.85,899.0,897.5,901.92,41469,374.02,4025, 24722, 59.62
BIRLAMONEY,EQ,10-Aug-2026,132.3,133.78,134.3,131.61,132.11,133.46,133.3,38093,50.78,730, 18003, 47.26
BIRLANU,EQ,10-Aug-2026,1641.5,1658.2,1660.1,1581.0,1620.0,1607.4,1622.13,27908,452.7,3481, 12218, 43.78
BIRLAPREC,EQ,10-Aug-2026,35.05,35.79,35.79,34.5,34.5,34.59,34.76,20647,7.18,145, 20066, 97.19
BLACKBUCK,EQ,10-Aug-2026,577.65,576.0,582.0,563.4,581.0,576.3,571.41,227924,1302.39,11939, 119758, 52.54
BLACKROSE,BE,10-Aug-2026,112.93,114.06,114.1,110.11,110.99,110.77,111.8,11505,12.86,171, -, -
BLAL,EQ,10-Aug-2026,171.41,171.43,173.44,171.43,172.85,171.98,172.44,7446,12.84,236, 5687, 76.38
BLBLIMITED,EQ,10-Aug-2026,15.95,15.9,16.42,15.89,16.4,16.21,16.08,131401,21.13,306, 107672, 81.94
BLIL,EQ,10-Aug-2026,70.75,71.25,71.25,70.75,70.8,70.81,70.89,31569,22.38,456, 26457, 83.81
BLISSGVS,BE,10-Aug-2026,477.55,479.9,500.15,465.0,480.0,479.8,482.98,540992,2612.86,8106, -, -
BLKASHYAP,EQ,10-Aug-2026,55.98,56.0,56.0,54.5,54.99,54.97,54.92,322561,177.15,1964, 183055, 56.75
BLS,EQ,10-Aug-2026,254.33,257.02,266.95,252.1,260.05,260.71,259.82,7391487,19204.67,115721, 1618139, 21.89
BLSE,EQ,10-Aug-2026,310.55,312.65,318.5,307.3,314.0,314.5,312.89,400568,1253.32,8504, 208532, 52.06
BLUECHIP,EQ,10-Aug-2026,1.66,1.69,1.69,1.69,1.69,1.69,1.69,51643,0.87,59, 51643, 100.00
BLUECOAST,BE,10-Aug-2026,25.06,24.94,26.2,24.0,26.2,26.2,24.51,1704,0.42,26, -, -
BLUEDART,EQ,10-Aug-2026,5089.5,5093.0,5222.5,5047.5,5185.5,5190.5,5165.8,21029,1086.32,6177, 10875, 51.71
BLUEJET,EQ,10-Aug-2026,593.9,593.85,599.45,588.6,592.0,592.15,593.01,521729,3093.9,16913, 295207, 56.58
BLUEPEBBLE,SM,10-Aug-2026,76.5,80.0,80.0,68.0,79.5,72.35,76.69,6800,5.21,10, 5600, 82.35
BLUESTARCO,EQ,10-Aug-2026,1514.0,1514.0,1514.8,1484.1,1508.0,1508.0,1500.73,856403,12852.3,41821, 456771, 53.34
BLUESTONE,EQ,10-Aug-2026,814.5,815.05,844.0,815.05,830.0,830.15,831.49,2784807,23155.48,58534, 344015, 12.35
BLUEWATER,ST,10-Aug-2026,424.95,445.75,445.75,407.05,419.0,419.0,425.38,32000,136.12,31, 30000, 93.75
BLUSPRING,EQ,10-Aug-2026,112.23,112.48,115.4,111.81,112.49,112.36,113.09,160055,181.01,1377, 87401, 54.61
BMLL,SM,10-Aug-2026,145.95,145.0,149.75,145.0,147.9,147.9,147.28,18000,26.51,14, 14000, 77.78
BMWVENTLTD,EQ,10-Aug-2026,59.3,60.44,60.59,58.78,58.91,58.92,59.67,81890,48.87,2102, 42757, 52.21
BNAGROCHEM,BE,10-Aug-2026,265.05,269.0,269.0,265.05,265.05,265.05,268.24,137,0.37,4, -, -
BNALTD,BE,10-Aug-2026,390.0,408.3,408.45,406.0,408.45,408.4,407.65,328,1.34,7, -, -
BNKETFAXIS,EQ,10-Aug-2026,598.24,598.21,598.21,593.93,595.52,595.52,595.73,5681,33.84,41, 2922, 51.43
BODALCHEM,BE,10-Aug-2026,68.98,69.39,69.4,68.01,68.5,68.86,68.89,121622,83.78,514, -, -
BOHRAIND,EQ,10-Aug-2026,13.85,15.23,15.23,13.25,14.4,14.96,14.84,11583,1.72,63, 8150, 70.36
BOMDYEING,EQ,10-Aug-2026,120.23,121.21,121.31,118.8,119.8,119.95,119.88,400846,480.53,4096, 204575, 51.04
BONLON,EQ,10-Aug-2026,42.2,44.0,44.0,40.05,41.13,40.84,40.78,9226,3.76,167, 6474, 70.17
BORANA,EQ,10-Aug-2026,339.6,343.55,347.45,338.25,345.0,343.35,342.76,39480,135.32,1395, 22972, 58.19
BOROLTD,EQ,10-Aug-2026,244.21,242.22,244.99,238.02,239.2,241.04,241.34,46369,111.91,2075, 23970, 51.69
BORORENEW,EQ,10-Aug-2026,548.65,550.0,567.8,544.1,546.95,548.5,557.95,603044,3364.66,21520, 268043, 44.45
BOROSCI,EQ,10-Aug-2026,141.85,141.85,142.17,136.97,137.0,137.63,138.48,63016,87.26,1579, 36591, 58.07
BOSCH-HCIL,EQ,10-Aug-2026,1682.4,1709.9,1745.0,1655.0,1696.8,1709.1,1709.64,75094,1283.83,6863, 31967, 42.57
BOSCHLTD,EQ,10-Aug-2026,42950.0,42950.0,43505.0,42620.0,43505.0,43505.0,43036.33,40508,17433.16,16336, 14655, 36.18
BPCL,EQ,10-Aug-2026,321.0,320.2,320.95,316.25,318.5,318.5,318.49,3056257,9733.83,45557, 1883856, 61.64
BPL,EQ,10-Aug-2026,53.56,53.56,54.08,53.3,53.99,53.51,53.65,31722,17.02,876, 15635, 49.29
BRACEPORT,SM,10-Aug-2026,71.95,73.0,73.0,70.0,70.0,70.0,71.14,6400,4.55,4, 6400, 100.00
BRANDMAN,SM,10-Aug-2026,178.0,180.9,195.7,180.9,194.7,192.1,189.26,33600,63.59,39, 28000, 83.33
BRIGADE,EQ,10-Aug-2026,581.95,581.95,613.75,580.8,608.0,607.7,605.28,1730213,10472.66,53477, 566296, 32.73
BRIGHOTEL,EQ,10-Aug-2026,60.28,60.6,60.8,59.33,59.85,59.91,59.98,100967,60.56,1664, 50573, 50.09
BRITANNIA,EQ,10-Aug-2026,5510.0,5512.5,5643.5,5512.5,5623.5,5623.5,5591.38,327625,18318.75,27069, 145102, 44.29
BRNL,EQ,10-Aug-2026,17.79,17.79,17.98,17.52,17.78,17.67,17.71,27158,4.81,235, 20924, 77.05
BROOKS,BE,10-Aug-2026,60.01,61.0,61.0,59.81,59.82,59.9,60.18,14507,8.73,92, -, -
BSE,EQ,10-Aug-2026,3457.1,3457.1,3615.0,3427.6,3596.1,3596.1,3553.21,6338788,225230.41,252648, 2461120, 38.83
BSE500IETF,EQ,10-Aug-2026,40.06,40.06,40.32,39.86,40.13,40.14,40.13,107790,43.26,2865, 56666, 52.57
BSHSL,BE,10-Aug-2026,91.0,91.8,91.8,88.0,91.5,90.28,90.18,9491,8.56,112, -, -
BSL,EQ,10-Aug-2026,123.53,124.0,125.0,123.0,124.0,124.0,123.76,1749,2.16,46, 1325, 75.76
BSLGOLDETF,EQ,10-Aug-2026,131.25,132.2,132.85,131.05,132.0,132.5,132.5,745106,987.26,3714, 621236, 83.38
BSLNIFTY,EQ,10-Aug-2026,28.96,29.68,29.68,28.6,28.9,28.9,28.89,804355,232.36,7499, 648767, 80.66
BSLSENETFG,EQ,10-Aug-2026,79.16,78.36,80.5,78.36,79.98,79.87,79.28,11886,9.42,219, 6324, 53.21
BSOFT,EQ,10-Aug-2026,318.5,319.8,324.9,316.05,319.0,317.25,320.84,942612,3024.3,23750, 419091, 44.46
BTML,EQ,10-Aug-2026,8.01,8.2,8.35,7.79,8.0,8.0,8.03,1122282,90.09,1092, 772552, 68.84
BTTL,BE,10-Aug-2026,44.2,43.36,45.95,42.41,44.04,42.9,43.29,7053,3.05,51, -, -
BUILDPRO,EQ,10-Aug-2026,1336.2,1336.2,1336.2,1251.0,1251.0,1273.2,1288.39,65099,838.73,5352, 41661, 64.00
BULKCORP,SM,10-Aug-2026,66.45,63.35,63.6,63.2,63.6,63.6,63.36,4800,3.04,4, 4800, 100.00
BUTTERFLY,EQ,10-Aug-2026,681.75,681.75,691.4,677.2,680.0,683.6,684.73,12416,85.02,1053, 6179, 49.77
BVCL,EQ,10-Aug-2026,41.37,42.0,42.35,41.26,41.35,41.34,41.79,4265,1.78,103, 3358, 78.73
BYKE,BE,10-Aug-2026,33.62,33.99,33.99,32.3,33.0,32.99,32.94,72938,24.02,144, -, -
C2C,SM,10-Aug-2026,261.15,266.0,266.0,258.2,259.6,258.95,260.58,87600,228.27,427, 67350, 76.88
CADSYS,ST,10-Aug-2026,53.45,50.8,50.8,50.8,50.8,50.8,50.8,1500,0.76,3, 1500, 100.00
CALSOFT,BE,10-Aug-2026,22.01,22.22,22.45,21.38,21.83,21.74,21.85,36114,7.89,140, -, -
CAMLINFINE,EQ,10-Aug-2026,126.58,127.53,128.0,123.75,124.4,124.37,125.26,608806,762.6,6611, 345866, 56.81
CAMPUS,EQ,10-Aug-2026,224.37,225.9,226.0,221.5,222.48,222.07,222.55,379064,843.6,7851, 168838, 44.54
CAMS,EQ,10-Aug-2026,787.5,783.15,798.4,780.05,789.45,789.45,789.95,1528991,12078.23,53193, 439287, 28.73
CANARYS,SM,10-Aug-2026,23.7,23.1,23.3,22.0,22.85,22.35,22.58,48000,10.84,12, 36000, 75.00
CANBK,EQ,10-Aug-2026,131.95,132.4,132.55,128.65,129.0,129.0,130.53,21940289,28638.62,77736, 9424436, 42.95
CANFINHOME,EQ,10-Aug-2026,811.3,811.5,831.9,807.0,820.65,820.3,822.42,293966,2417.65,11265, 209992, 71.43
CANHLIFE,EQ,10-Aug-2026,152.19,152.19,153.2,148.83,149.65,149.39,151.16,258999,391.5,6303, 112346, 43.38
CANTABIL,EQ,10-Aug-2026,227.69,228.65,234.5,226.33,232.5,233.21,230.97,73710,170.25,1743, 42034, 57.03
CAPACITE,EQ,10-Aug-2026,212.59,213.9,213.9,207.65,209.8,210.5,209.72,341107,715.38,5451, 182693, 53.56
CAPILLARY,EQ,10-Aug-2026,560.55,554.95,570.0,515.25,523.0,521.55,527.43,5396221,28461.05,49597, 2960620, 54.86
CAPINVIT,IV,10-Aug-2026,75.91,76.0,76.15,75.23,75.67,75.43,75.83,357311,270.95,3002, 325453, 91.08
CAPITALSFB,EQ,10-Aug-2026,296.2,307.0,307.0,285.5,289.55,289.55,295.86,67294,199.09,1721, 38323, 56.95
CAPLIPOINT,EQ,10-Aug-2026,2574.1,2575.0,2664.0,2555.0,2620.0,2623.8,2624.26,128452,3370.92,18303, 68298, 53.17
CAPTRUST,BE,10-Aug-2026,19.36,20.32,20.32,20.0,20.3,20.28,20.25,81539,16.51,268, -, -
CARBORUNIV,EQ,10-Aug-2026,1097.0,1114.8,1138.6,1077.7,1120.0,1121.0,1116.84,369878,4130.95,29901, 143209, 38.72
CARERATING,EQ,10-Aug-2026,1749.2,1740.1,1766.4,1695.9,1729.9,1732.5,1735.86,64118,1113.0,10073, 30586, 47.70
CARRARO,EQ,10-Aug-2026,502.05,501.05,506.95,496.1,497.0,497.8,499.77,109874,549.12,4938, 69402, 63.17
CARTRADE,EQ,10-Aug-2026,2793.0,2793.9,2805.9,2752.0,2760.0,2762.0,2780.99,146449,4072.73,18592, 76944, 52.54
CARYSIL,EQ,10-Aug-2026,1183.9,1195.0,1273.0,1180.0,1251.0,1251.7,1242.16,493199,6126.34,29938, 151781, 30.77
CASHIETF,EQ,10-Aug-2026,1074.48,1075.56,1076.45,1074.59,1074.6,1074.6,1074.6,578529,6216.84,216, 434170, 75.05
CASTROLIND,EQ,10-Aug-2026,192.08,193.27,193.67,192.25,193.29,193.43,193.2,6485229,12529.22,29918, 4832918, 74.52
CBAZAAR,ST,10-Aug-2026,5.5,5.25,5.25,5.25,5.25,5.25,5.25,8000,0.42,1, 8000, 100.00
CCAVENUE,EQ,10-Aug-2026,17.17,17.3,17.7,17.14,17.59,17.54,17.39,16822590,2926.17,20245, 8718598, 51.83
CCCL,EQ,10-Aug-2026,15.35,15.97,15.97,15.0,15.35,15.17,15.32,139499,21.37,587, 95417, 68.40
CCHHL,EQ,10-Aug-2026,12.69,12.69,12.89,12.41,12.57,12.56,12.57,13978,1.76,158, 10166, 72.73
CCL,EQ,10-Aug-2026,1130.0,1128.0,1139.8,1119.8,1123.5,1122.7,1130.39,112630,1273.16,10635, 66182, 58.76
CDSL,EQ,10-Aug-2026,1328.0,1328.0,1341.9,1318.2,1332.5,1332.5,1332.66,790304,10532.03,26902, 288537, 36.51
CEATLTD,EQ,10-Aug-2026,3723.1,3720.0,3800.0,3680.0,3799.9,3793.6,3767.46,92750,3494.32,11937, 50015, 53.92
CEDAAR,ST,10-Aug-2026,16.5,16.05,16.95,15.7,16.7,16.7,16.01,18000,2.88,18, 16000, 88.89
CEIGALL,EQ,10-Aug-2026,333.35,335.0,339.15,315.15,319.0,319.8,322.97,607809,1963.01,17997, 389625, 64.10
CEINSYS,EQ,10-Aug-2026,842.15,840.15,848.15,836.15,846.5,842.45,842.43,29544,248.89,2109, 16134, 54.61
CELEBRITY,EQ,10-Aug-2026,6.99,7.06,7.17,6.84,6.99,6.91,6.96,29360,2.04,117, 23578, 80.31
CELLECOR,ST,10-Aug-2026,31.0,31.0,32.1,31.0,31.0,31.1,31.53,105000,33.11,35, 93000, 88.57
CELLO,EQ,10-Aug-2026,373.15,364.0,365.2,353.0,362.5,360.15,359.18,978464,3514.43,24709, 329064, 33.63
CELLPOINT,SM,10-Aug-2026,16.15,16.05,16.6,16.0,16.6,16.6,16.18,4800,0.78,3, 4800, 100.00
CEMNTGROWW,EQ,10-Aug-2026,15.5,15.57,15.7,15.32,15.57,15.53,15.5,54816,8.5,379, 38631, 70.47
CEMPRO,EQ,10-Aug-2026,1208.1,1161.1,1268.5,1153.8,1268.5,1266.4,1210.37,1174457,14215.29,53306, 624904, 53.21
CENTENKA,EQ,10-Aug-2026,610.25,612.0,615.0,605.6,614.4,610.45,609.36,44959,273.96,2230, 25016, 55.64
CENTEXT,EQ,10-Aug-2026,23.0,23.47,23.6,22.01,22.75,22.57,22.76,249481,56.78,1105, 112805, 45.22
CENTRALBK,EQ,10-Aug-2026,31.36,31.42,31.42,31.0,31.04,31.02,31.14,6245893,1945.15,16550, 3911948, 62.63
CENTRUM,EQ,10-Aug-2026,25.13,25.32,26.79,25.02,26.6,26.25,25.94,1154015,299.3,2380, 686504, 59.49
CENTUM,EQ,10-Aug-2026,3851.8,3885.0,3968.8,3824.7,3861.0,3861.2,3894.23,57342,2233.03,10206, 25122, 43.81
CENTURYPLY,EQ,10-Aug-2026,781.95,781.95,785.55,769.8,783.0,779.55,780.0,32259,251.62,6122, 15069, 46.71
CERA,EQ,10-Aug-2026,6062.0,6101.5,6147.5,6010.0,6020.5,6033.5,6048.55,7328,443.24,2249, 3409, 46.52
CEREBRAINT,BZ,10-Aug-2026,2.81,2.95,2.95,2.71,2.8,2.81,2.8,79471,2.23,130, -, -
CESC,EQ,10-Aug-2026,163.94,164.34,165.84,163.5,164.69,164.58,164.8,1090413,1797.03,16321, 595856, 54.64
CEWATER,EQ,10-Aug-2026,275.95,277.5,277.5,272.25,276.0,275.6,275.41,40203,110.72,1487, 26611, 66.19
CGCL,EQ,10-Aug-2026,230.25,230.25,234.25,227.55,232.4,232.39,232.0,2049075,4753.79,26556, 610849, 29.81
CGPOWER,EQ,10-Aug-2026,879.0,880.05,881.95,868.25,879.0,879.0,877.14,1204997,10569.48,27768, 671311, 55.71
CGRAPHICS,SM,10-Aug-2026,150.0,151.5,155.0,150.0,150.0,150.3,151.96,32800,49.84,39, 25600, 78.05
CHALET,EQ,10-Aug-2026,859.7,862.9,862.9,832.05,840.0,837.1,837.33,188004,1574.21,18606, 122850, 65.34
CHAMBLFERT,EQ,10-Aug-2026,450.7,451.5,453.1,448.5,451.65,451.55,451.16,308104,1390.05,11723, 184775, 59.97
CHAMUNDA,SM,10-Aug-2026,43.45,43.45,43.45,41.1,41.1,41.1,42.15,12000,5.06,4, 12000, 100.00
CHANDAN,SM,10-Aug-2026,231.1,232.5,245.8,230.5,238.05,238.05,239.94,35200,84.46,43, 24800, 70.45
CHAVDA,SM,10-Aug-2026,140.75,143.9,148.0,136.1,137.4,137.85,142.27,201000,285.96,154, 120000, 59.70
CHEMBOND,BE,10-Aug-2026,177.06,178.0,181.0,172.55,180.0,179.08,178.41,6434,11.48,88, -, -
CHEMBONDCH,BE,10-Aug-2026,237.42,243.99,249.29,235.5,249.29,249.29,246.18,36129,88.94,223, -, -
CHEMCON,BE,10-Aug-2026,190.05,191.2,194.9,191.0,191.5,191.59,193.6,15887,30.76,239, -, -
CHEMFAB,BE,10-Aug-2026,369.0,360.0,381.0,360.0,378.0,378.0,377.22,8059,30.4,103, -, -
CHEMICAL,EQ,10-Aug-2026,30.69,30.32,31.3,30.32,30.82,30.77,30.76,491736,151.28,1099, 391372, 79.59
CHEMPLASTS,EQ,10-Aug-2026,183.61,185.99,185.99,176.64,177.5,178.57,179.33,384911,690.26,6989, 170378, 44.26
CHENNPETRO,EQ,10-Aug-2026,1275.4,1270.0,1270.0,1235.0,1238.0,1240.1,1243.27,782776,9732.06,24615, 304720, 38.93
CHETANA,ST,10-Aug-2026,47.25,47.25,47.25,46.0,46.15,46.15,46.87,24000,11.25,10, 24000, 100.00
CHEVIOT,EQ,10-Aug-2026,1165.6,1178.5,1178.5,1135.6,1148.0,1142.8,1156.41,3169,36.65,403, 1928, 60.84
CHOICEGOLD,EQ,10-Aug-2026,147.82,147.82,149.99,147.82,149.76,149.72,149.6,33331,49.86,143, 24832, 74.50
CHOICEIN,EQ,10-Aug-2026,841.15,843.8,850.0,837.55,842.0,844.75,844.35,488129,4121.51,11902, 142749, 29.24
CHOLAFIN,EQ,10-Aug-2026,1866.2,1875.9,1920.0,1862.0,1920.0,1920.0,1903.47,1593186,30325.86,51133, 1081761, 67.90
CHOLAHLDNG,EQ,10-Aug-2026,1628.0,1635.0,1644.4,1604.4,1620.3,1622.1,1619.44,71541,1158.56,9657, 42791, 59.81
CIEINDIA,EQ,10-Aug-2026,410.5,410.5,414.0,405.55,410.0,409.5,411.5,235627,969.6,10519, 159791, 67.82
CIFL,EQ,10-Aug-2026,21.88,21.22,22.19,21.22,22.0,21.94,21.93,20477,4.49,198, 13902, 67.89
CINELINE,EQ,10-Aug-2026,90.83,91.89,91.89,88.03,89.6,89.63,90.17,6509,5.87,142, 5298, 81.39
CINEVISTA,EQ,10-Aug-2026,14.7,15.0,15.04,14.65,14.72,14.87,14.91,9485,1.41,80, 7012, 73.93
CIPLA,EQ,10-Aug-2026,1463.8,1463.8,1483.7,1462.0,1467.7,1467.7,1469.53,662981,9742.67,39766, 373632, 56.36
CITIUSINVT,IV,10-Aug-2026,109.95,110.95,110.95,109.8,110.01,110.19,110.1,72975,80.35,1101, 70357, 96.41
CKKRETAIL,SM,10-Aug-2026,148.0,147.0,147.0,145.0,145.0,145.0,145.36,4800,6.98,6, 2400, 50.00
CLASSICEIL,SM,10-Aug-2026,54.15,54.45,59.55,48.75,58.95,55.8,51.36,267200,137.24,136, 190400, 71.26
CLAYCRAFT,SM,10-Aug-2026,175.05,177.7,177.7,172.0,172.0,172.8,173.81,30000,52.14,20, 28200, 94.00
CLCIND,BE,10-Aug-2026,56.43,53.65,57.9,53.61,53.61,53.61,53.67,7172,3.85,33, -, -
CLEAN,EQ,10-Aug-2026,795.15,805.0,820.6,791.65,805.95,803.55,807.26,856666,6915.53,53295, 393634, 45.95
CLEANMAX,EQ,10-Aug-2026,1323.8,1322.0,1325.1,1280.5,1290.4,1292.0,1292.89,131737,1703.21,10426, 64231, 48.76
CLEDUCATE,BE,10-Aug-2026,58.7,58.0,58.0,55.77,56.5,56.77,56.32,32590,18.36,139, -, -
CLSEL,EQ,10-Aug-2026,278.1,275.7,279.7,273.0,279.4,278.9,276.85,56189,155.56,1799, 28253, 50.28
CLSL,SM,10-Aug-2026,69.0,72.0,75.8,72.0,73.5,73.5,73.8,38000,28.04,18, 36000, 94.74
CMICABLES,BZ,10-Aug-2026,2.79,2.83,2.83,2.66,2.7,2.7,2.77,6239,0.17,34, -, -
CMLL,EQ,10-Aug-2026,599.45,595.05,598.75,567.85,570.0,572.45,576.93,1035764,5975.6,20552, 384223, 37.10
CMNL,SM,10-Aug-2026,96.95,96.95,113.95,95.05,111.0,110.3,105.95,119250,126.34,93, 111000, 93.08
CMPDI,EQ,10-Aug-2026,250.14,250.0,250.56,244.67,248.0,246.83,247.29,1040208,2572.34,12778, 488952, 47.01
CMRGREEN,EQ,10-Aug-2026,225.6,226.51,229.9,216.1,217.29,221.27,224.65,1282846,2881.89,16884, 593385, 46.26
CMRSL,SM,10-Aug-2026,63.4,66.5,66.55,65.2,66.55,65.6,65.94,7200,4.75,9, 6400, 88.89
CMSINFO,EQ,10-Aug-2026,273.15,275.0,288.0,270.5,279.0,279.35,280.45,1054854,2958.33,29999, 399534, 37.88
CNL,EQ,10-Aug-2026,1116.85,1101.5,1123.9,1079.65,1083.0,1083.65,1092.07,58729,641.36,3980, 27985, 47.65
COALINDIA,EQ,10-Aug-2026,415.25,415.0,415.15,410.35,411.0,411.0,412.29,6284552,25910.84,115597, 4251780, 67.65
COASTCORP,EQ,10-Aug-2026,43.33,44.87,45.0,42.12,43.44,42.71,42.9,222526,95.47,2112, 131416, 59.06
COCHINSHIP,EQ,10-Aug-2026,1519.7,1519.7,1524.9,1498.1,1502.0,1502.0,1511.93,637249,9634.75,29227, 249929, 39.22
COCKERILL,EQ,10-Aug-2026,9635.5,9652.0,9960.0,9400.0,9522.0,9525.5,9670.85,8614,833.05,2797, 3469, 40.27
COFFEEDAY,BE,10-Aug-2026,32.4,30.78,32.5,30.78,30.96,31.07,31.06,1169214,363.21,1910, -, -
COFORGE,EQ,10-Aug-2026,1776.0,1783.1,1822.6,1783.1,1810.0,1810.0,1808.72,2623273,47447.6,65160, 1231512, 46.95
COHANCE,EQ,10-Aug-2026,445.75,445.75,454.4,443.0,447.7,447.0,448.63,1368704,6140.45,51689, 695912, 50.84
COLPAL,EQ,10-Aug-2026,2030.0,2028.5,2031.2,2005.7,2019.5,2019.5,2015.1,212214,4276.32,25750, 130235, 61.37
COMFINTE,EQ,10-Aug-2026,6.61,6.5,6.64,6.5,6.52,6.56,6.53,68098,4.44,316, 55348, 81.28
COMMITTED,ST,10-Aug-2026,349.7,345.05,346.5,333.75,346.0,346.0,342.69,10400,35.64,13, 10400, 100.00
COMMOIETF,EQ,10-Aug-2026,101.67,101.67,102.37,101.35,102.18,102.08,101.94,43632,44.48,793, 25825, 59.19
COMPINFO,BZ,10-Aug-2026,1.12,1.12,1.17,1.07,1.1,1.1,1.1,8666,0.1,36, -, -
COMPUSOFT,EQ,10-Aug-2026,13.14,13.35,13.35,13.1,13.21,13.2,13.17,27057,3.56,110, 25715, 95.04
COMSYN,EQ,10-Aug-2026,224.83,229.01,269.79,229.01,267.25,269.03,261.05,7601640,19844.25,68194, 1189405, 15.65
CONCOR,EQ,10-Aug-2026,505.2,507.0,507.4,498.25,501.9,501.9,502.06,2519164,12647.78,33618, 1568949, 62.28
CONCORDBIO,EQ,10-Aug-2026,1365.0,1372.1,1437.0,1372.1,1426.3,1419.0,1414.72,360086,5094.21,37190, 104632, 29.06
CONFIPET,EQ,10-Aug-2026,81.28,82.0,86.4,81.28,83.12,82.74,84.06,5858829,4925.02,25192, 2712311, 46.29
CONNPLEX,SM,10-Aug-2026,203.6,203.5,207.6,202.0,204.8,205.15,205.13,11200,22.97,14, 9600, 85.71
CONS,EQ,10-Aug-2026,12.68,12.68,12.93,12.36,12.64,12.59,12.62,22213,2.8,197, 18106, 81.51
CONSOFINVT,BE,10-Aug-2026,296.25,298.0,298.0,281.45,283.0,281.65,285.31,14809,42.25,100, -, -
CONSUMAXIS,EQ,10-Aug-2026,125.84,126.07,126.82,125.33,125.7,126.27,125.95,6084,7.66,57, 3764, 61.87
CONSUMBEES,EQ,10-Aug-2026,135.45,135.55,136.75,135.5,135.5,135.96,136.13,85221,116.01,1213, 58415, 68.55
CONSUMER,EQ,10-Aug-2026,12.22,12.22,12.43,12.16,12.25,12.22,12.24,503931,61.69,476, 410370, 81.43
CONSUMIETF,EQ,10-Aug-2026,126.13,127.09,127.09,126.13,126.36,126.48,126.65,17408,22.05,232, 12644, 72.63
CONTI,SM,10-Aug-2026,11.6,11.05,11.05,11.05,11.05,11.05,11.05,3333,0.37,1, 3333, 100.00
CONTROLPR,EQ,10-Aug-2026,579.2,580.0,583.5,567.1,580.25,579.9,578.92,39081,226.25,1990, 29780, 76.20
COOLCAPS,ST,10-Aug-2026,21.5,22.3,22.3,21.0,21.05,21.05,21.31,10000,2.13,6, 10000, 100.00
CORALFINAC,EQ,10-Aug-2026,32.82,34.0,34.0,32.64,33.59,33.45,33.52,133100,44.62,862, 60649, 45.57
CORDELIA,EQ,10-Aug-2026,841.15,840.0,858.4,830.4,844.0,841.15,845.23,133671,1129.83,5456, 72244, 54.05
CORDSCABLE,BE,10-Aug-2026,218.63,218.63,229.0,217.75,220.0,223.24,224.94,33571,75.51,427, -, -
COROMANDEL,EQ,10-Aug-2026,2069.3,2069.3,2121.4,2049.6,2080.0,2098.3,2072.57,212188,4397.74,32378, 129821, 61.18
CORONA,EQ,10-Aug-2026,2058.8,2058.8,2090.0,2047.0,2078.1,2081.3,2079.31,22597,469.86,4353, 13827, 61.19
COSMOFIRST,EQ,10-Aug-2026,892.5,899.5,954.95,897.0,931.95,927.15,935.26,351611,3288.48,14621, 174950, 49.76
COUNCODOS,EQ,10-Aug-2026,6.19,6.39,6.4,5.86,6.06,6.07,6.2,103141,6.4,281, 71035, 68.87
CPCAP,EQ,10-Aug-2026,116.13,116.05,127.89,116.03,117.99,117.56,120.09,96296,115.64,2517, 30122, 31.28
CPEDU,EQ,10-Aug-2026,212.09,212.35,215.8,207.27,208.85,209.2,211.29,7016,14.82,256, 4476, 63.80
CPL,EQ,10-Aug-2026,71.3,70.02,70.65,69.32,69.64,69.76,70.14,33309,23.36,611, 18987, 57.00
CPPLUS,EQ,10-Aug-2026,3708.7,3738.1,3820.0,3725.2,3765.0,3764.8,3775.72,186900,7056.81,30481, 106407, 56.93
CPSEETF,EQ,10-Aug-2026,94.27,95.8,95.8,93.7,93.8,93.8,93.89,2652988,2491.01,12878, 2262048, 85.26
CRAFTSMAN,EQ,10-Aug-2026,10483.0,10483.5,10642.0,10200.0,10280.0,10282.5,10417.72,30985,3227.93,13402, 16022, 51.71
CRAMC,EQ,10-Aug-2026,262.1,262.1,262.95,260.1,261.8,261.45,261.63,175796,459.94,5918, 93567, 53.22
CRAYONS,SM,10-Aug-2026,27.2,26.0,26.5,25.9,25.95,25.95,26.0,9000,2.34,9, 7000, 77.78
CREATIVEYE,EQ,10-Aug-2026,6.27,6.4,6.6,5.89,6.31,6.1,6.21,28963,1.8,155, 16948, 58.52
CREDITACC,EQ,10-Aug-2026,1523.6,1518.0,1542.0,1510.5,1528.0,1530.5,1527.53,275857,4213.79,14429, 182212, 66.05
CREST,EQ,10-Aug-2026,377.0,375.75,376.3,361.5,363.0,365.25,366.51,3574,13.1,119, 2518, 70.45
CRISIL,EQ,10-Aug-2026,4607.0,4609.0,4662.0,4541.0,4625.0,4635.4,4599.72,62423,2871.28,12038, 33268, 53.29
CRIZAC,EQ,10-Aug-2026,187.98,187.98,190.4,185.0,186.1,186.62,188.03,258039,485.19,6025, 95120, 36.86
CROMPTON,EQ,10-Aug-2026,249.95,249.95,252.2,246.05,247.55,247.55,248.31,3970755,9859.59,42822, 1394152, 35.11
CROWN,EQ,10-Aug-2026,111.81,114.0,114.0,109.2,109.4,109.44,110.94,16291,18.07,347, 11401, 69.98
CSBBANK,EQ,10-Aug-2026,316.95,321.35,326.0,317.0,325.95,325.1,322.07,344242,1108.71,8646, 163311, 47.44
CSLFINANCE,EQ,10-Aug-2026,216.77,218.3,224.79,214.01,220.1,221.94,220.94,55406,122.41,879, 46855, 84.57
CSM,EQ,10-Aug-2026,102.12,101.41,106.5,100.25,105.86,105.5,104.1,680461,708.36,4886, 372021, 54.67
CSSL,SM,10-Aug-2026,102.0,103.0,103.0,102.0,102.0,102.0,102.33,3000,3.07,3, 2000, 66.67
CTE,EQ,10-Aug-2026,37.66,37.5,38.75,36.24,37.99,37.75,37.66,7787,2.93,88, 6392, 82.09
CUB,EQ,10-Aug-2026,212.0,213.06,217.25,212.86,216.48,216.42,216.04,2880002,6222.01,35311, 1777211, 61.71
CUBEINVIT,IV,10-Aug-2026,158.85,158.6,159.9,158.21,158.96,159.38,159.51,541193,863.23,28610, 449942, 83.14
CUBEXTUB,EQ,10-Aug-2026,80.07,81.65,83.2,80.15,81.55,81.34,81.16,30415,24.69,749, 19981, 65.69
CUDML,ST,10-Aug-2026,133.0,133.0,133.0,126.35,126.35,126.35,129.8,12000,15.58,12, 12000, 100.00
CUMMINSIND,EQ,10-Aug-2026,5426.0,5480.0,5486.0,5393.5,5448.0,5448.0,5435.5,225721,12269.07,24806, 123474, 54.70
CUPID,EQ,10-Aug-2026,262.13,266.1,267.95,256.8,264.45,262.71,262.55,25888287,67968.93,182152, 7036003, 27.18
CURAA,EQ,10-Aug-2026,72.92,73.0,75.0,73.0,73.55,73.55,73.56,356,0.26,22, 352, 98.88
CURIS,SM,10-Aug-2026,107.0,105.1,105.1,104.0,104.55,104.15,104.28,6000,6.26,5, 6000, 100.00
CURRENT,SM,10-Aug-2026,106.0,101.2,101.2,101.2,101.2,101.2,101.2,1600,1.62,1, 1600, 100.00
CYBERMEDIA,BE,10-Aug-2026,16.01,16.17,16.5,15.5,16.47,16.21,15.94,20860,3.32,67, -, -
CYBERTECH,BE,10-Aug-2026,138.24,137.0,139.5,134.4,136.7,136.99,137.26,13047,17.91,206, -, -
CYIENT,EQ,10-Aug-2026,857.5,857.95,870.95,853.3,857.5,855.0,861.41,432253,3723.46,27420, 275516, 63.74
CYIENTDLM,EQ,10-Aug-2026,685.55,687.55,707.95,680.15,692.75,691.5,694.76,965338,6706.74,38983, 358558, 37.14
DABUR,EQ,10-Aug-2026,410.0,411.45,414.2,409.25,414.2,414.2,412.43,1346084,5551.67,23675, 725326, 53.88
DAICHI,BE,10-Aug-2026,323.8,320.4,321.0,313.05,319.95,319.95,318.66,1913,6.1,48, -, -
DALBHARAT,EQ,10-Aug-2026,1827.4,1832.8,1859.8,1815.2,1845.0,1845.0,1838.3,195422,3592.44,10829, 63196, 32.34
DALMIASUG,EQ,10-Aug-2026,404.4,381.5,428.75,375.6,421.25,418.95,412.82,1169775,4829.04,22999, 457517, 39.11
DAMCAPITAL,EQ,10-Aug-2026,152.02,152.0,152.1,149.4,151.98,151.0,150.67,293763,442.61,4131, 151454, 51.56
DAMODARIND,BE,10-Aug-2026,28.49,29.1,29.85,27.85,29.0,29.0,28.85,7185,2.07,55, -, -
DANGEE,EQ,10-Aug-2026,2.95,3.0,3.0,2.95,3.0,2.98,2.97,24528,0.73,86, 18875, 76.95
DANISH,SM,10-Aug-2026,812.85,811.0,826.55,806.05,811.0,807.35,811.01,15000,121.65,80, 11550, 77.00
DATAMATICS,EQ,10-Aug-2026,865.15,867.0,878.6,850.6,860.0,862.5,863.41,109805,948.07,8076, 41291, 37.60
DATAPATTNS,EQ,10-Aug-2026,4380.7,4386.0,4517.0,4362.3,4426.0,4429.7,4449.54,445762,19834.37,38489, 116777, 26.20
DAVANGERE,EQ,10-Aug-2026,3.11,3.12,3.13,3.07,3.1,3.08,3.1,2720402,84.29,1539, 1938238, 71.25
DBCORP,EQ,10-Aug-2026,210.41,210.0,212.5,208.83,211.0,211.28,210.93,69934,147.51,2255, 41445, 59.26
DBEIL,BE,10-Aug-2026,7.26,7.3,7.4,7.11,7.2,7.21,7.22,109376,7.9,331, -, -
DBL,EQ,10-Aug-2026,448.95,439.0,454.85,413.8,437.0,442.75,434.38,1893271,8223.91,40756, 460514, 24.32
DBOL,EQ,10-Aug-2026,113.7,115.0,122.0,115.0,116.6,116.71,118.52,279068,330.74,4086, 142443, 51.04
DBREALTY,BE,10-Aug-2026,117.32,120.8,121.65,115.41,116.84,116.71,118.21,747888,884.07,2268, -, -
DBSTOCKBRO,BE,10-Aug-2026,32.39,32.58,34.0,32.5,33.0,32.81,33.68,27663,9.32,61, -, -
DCAL,EQ,10-Aug-2026,193.04,197.89,197.89,187.33,187.52,188.3,190.94,207237,395.69,4924, 112611, 54.34
DCBBANK,EQ,10-Aug-2026,192.62,192.62,193.94,187.0,187.1,187.43,189.45,1263085,2392.94,14430, 825704, 65.37
DCCL,SM,10-Aug-2026,48.15,48.0,48.0,48.0,48.0,48.0,48.0,2000,0.96,1, 2000, 100.00
DCG,SM,10-Aug-2026,55.65,54.0,54.5,52.5,53.0,53.0,53.66,13200,7.08,10, 12000, 90.91
DCI,EQ,10-Aug-2026,354.05,362.8,362.8,350.5,350.5,351.5,354.39,18585,65.86,707, 13676, 73.59
DCM,BE,10-Aug-2026,82.49,82.08,83.65,81.0,82.0,82.0,81.72,414,0.34,23, -, -
DCMFINSERV,EQ,10-Aug-2026,5.29,5.33,5.59,5.33,5.51,5.38,5.41,10606,0.57,33, 7856, 74.07
DCMNVL,BE,10-Aug-2026,156.92,164.76,164.76,164.76,164.76,164.76,164.76,14455,23.82,23, -, -
DCMSHRIRAM,EQ,10-Aug-2026,1016.8,1020.5,1028.9,1010.0,1010.0,1016.0,1018.34,89936,915.85,8433, 62402, 69.38
DCMSIL,BE,10-Aug-2026,82.93,83.39,85.0,79.23,83.7,82.95,81.62,40334,32.92,230, -, -
DCMSRIND,EQ,10-Aug-2026,43.07,42.61,44.98,42.61,44.44,44.34,44.19,194541,85.96,1450, 102282, 52.58
DCW,EQ,10-Aug-2026,46.35,46.36,47.55,46.07,46.95,46.92,46.92,714759,335.37,3262, 355260, 49.70
DCXINDIA,EQ,10-Aug-2026,178.44,179.94,180.56,177.19,178.4,179.06,179.21,286780,513.94,4808, 134506, 46.90
DDEVPLSTIK,EQ,10-Aug-2026,288.2,294.5,294.5,280.1,287.0,285.8,285.31,259767,741.13,6086, 147259, 56.69
DECCANCE,EQ,10-Aug-2026,579.35,576.15,588.95,558.0,562.7,562.25,569.38,13701,78.01,625, 8848, 64.58
DECCANTRAN,SM,10-Aug-2026,24.0,23.95,24.0,22.8,22.8,22.8,23.39,4800,1.12,4, 4800, 100.00
DECNGOLD,EQ,10-Aug-2026,216.22,216.0,217.0,204.0,213.79,213.61,212.11,2788168,5914.05,24746, 978180, 35.08
DEEDEV,BE,10-Aug-2026,629.7,607.05,644.1,602.65,622.1,626.2,618.23,252498,1561.03,3057, -, -
DEEM,ST,10-Aug-2026,46.6,44.6,44.6,44.6,44.6,44.6,44.6,1000,0.45,1, 1000, 100.00
DEEPAKFERT,EQ,10-Aug-2026,1537.8,1539.7,1557.0,1523.0,1529.8,1530.4,1538.33,126713,1949.27,10033, 57892, 45.69
DEEPAKNTR,EQ,10-Aug-2026,1796.5,1801.0,1821.0,1762.1,1782.0,1779.2,1797.07,924478,16613.48,57559, 452226, 48.92
DEEPINDS,EQ,10-Aug-2026,638.9,642.3,658.0,632.55,649.1,647.95,644.06,248088,1597.84,9064, 125967, 50.78
DEFENCE,EQ,10-Aug-2026,81.2,81.6,81.6,80.74,81.04,81.05,81.11,179119,145.29,804, 150368, 83.95
DELAPLEX,SM,10-Aug-2026,88.95,89.9,89.9,87.5,87.5,87.5,87.98,4200,3.7,5, 4200, 100.00
DELHIVERY,EQ,10-Aug-2026,473.3,456.4,483.35,452.5,478.35,478.35,472.55,14741730,69661.69,122029, 5709419, 38.73
DELPHIFX,BE,10-Aug-2026,6.77,6.8,6.86,6.56,6.75,6.74,6.7,36181,2.42,96, -, -
DELTACORP,EQ,10-Aug-2026,63.33,63.35,64.54,63.06,63.67,63.82,63.84,679153,433.58,3225, 302862, 44.59
DELTAMAGNT,EQ,10-Aug-2026,58.59,58.01,61.45,58.0,59.69,59.37,59.57,4389,2.61,238, 3131, 71.34
DELTIC,SM,10-Aug-2026,34.9,34.9,34.9,34.3,34.3,34.3,34.44,6000,2.07,6, 4000, 66.67
DEN,EQ,10-Aug-2026,27.32,27.27,27.4,27.07,27.3,27.26,27.24,215759,58.78,1949, 118302, 54.83
DENEERS,SM,10-Aug-2026,183.95,182.05,184.0,174.0,174.25,174.65,177.4,33600,59.61,45, 22800, 67.86
DENORA,EQ,10-Aug-2026,887.8,881.0,905.0,875.0,885.0,877.05,884.09,2307,20.4,342, 1518, 65.80
DENTA,EQ,10-Aug-2026,333.85,334.85,341.0,327.2,337.0,336.45,334.83,137846,461.55,4365, 56432, 40.94
DENTALKART,SM,10-Aug-2026,408.55,422.0,429.95,412.0,419.1,421.55,420.36,42000,176.55,108, 29000, 69.05
DEVIT,EQ,10-Aug-2026,26.91,27.3,27.3,26.6,26.99,26.7,26.86,21381,5.74,208, 14982, 70.07
DEVX,EQ,10-Aug-2026,34.0,33.43,34.83,33.43,34.29,34.0,34.14,172588,58.92,6910, 147863, 85.67
DEVYANI,EQ,10-Aug-2026,134.73,135.39,136.7,131.76,134.24,133.56,133.69,6204839,8295.21,37198, 2198006, 35.42
DGCONTENT,EQ,10-Aug-2026,25.82,26.0,26.1,25.13,26.09,25.9,25.9,70770,18.33,125, 67930, 95.99
DHAMPURSUG,EQ,10-Aug-2026,150.89,152.5,161.5,150.84,160.0,159.43,157.64,1387689,2187.57,15749, 561632, 40.47
DHANBANK,EQ,10-Aug-2026,32.8,32.9,33.99,32.41,32.65,33.22,33.01,1482628,489.48,3884, 477926, 32.24
DHANSA,SM,10-Aug-2026,20.75,20.5,20.5,20.5,20.5,20.5,20.5,2000,0.41,1, 2000, 100.00
DHANUKA,EQ,10-Aug-2026,1020.6,1025.0,1027.4,1010.1,1017.0,1015.5,1019.02,13677,139.37,1629, 7133, 52.15
DHARAN,BZ,10-Aug-2026,0.15,0.16,0.16,0.15,0.16,0.15,0.15,8523389,13.13,1402, -, -
DHARARAIL,ST,10-Aug-2026,138.0,132.4,142.2,132.4,140.0,141.4,137.56,10000,13.76,10, 10000, 100.00
DHARIWAL,SM,10-Aug-2026,24.35,26.75,26.75,25.0,26.75,26.55,26.6,342000,90.98,80, 285000, 83.33
DHARMAJ,EQ,10-Aug-2026,265.55,278.05,283.0,273.85,283.0,281.05,279.4,235982,659.34,6792, 151300, 64.12
DHRUV,EQ,10-Aug-2026,24.13,24.12,24.98,24.12,24.16,24.19,24.65,1979,0.49,21, 1941, 98.08
DHTL,SM,10-Aug-2026,33.85,34.5,35.0,34.5,35.0,35.0,34.75,1600,0.56,2, 800, 50.00
DHUNINV,EQ,10-Aug-2026,928.5,914.6,1012.1,903.6,964.0,966.3,963.23,3789,36.5,321, 2308, 60.91
DIACABS,BE,10-Aug-2026,364.05,361.6,362.75,348.1,360.0,360.5,355.92,2040917,7263.97,19678, -, -
DIAMINESQ,EQ,10-Aug-2026,260.79,261.0,261.0,244.44,248.9,247.2,252.63,15388,38.87,406, 11369, 73.88
DIAMONDYD,EQ,10-Aug-2026,1227.4,1229.8,1242.3,1198.0,1205.0,1206.4,1226.27,56046,687.28,3777, 34691, 61.90
DICIND,EQ,10-Aug-2026,519.25,525.0,528.9,514.0,515.05,521.0,522.28,929,4.85,51, 726, 78.15
DIFFNKG,EQ,10-Aug-2026,441.0,441.0,453.45,390.0,395.55,395.55,411.03,601633,2472.9,23638, 265500, 44.13
DIGIDRIVE,EQ,10-Aug-2026,17.65,17.26,17.78,17.1,17.38,17.3,17.45,35238,6.15,258, 30233, 85.80
DIGIKORE,SM,10-Aug-2026,35.25,36.5,36.5,32.4,34.4,34.35,33.73,103200,34.81,183, 56000, 54.26
DIGISPICE,BE,10-Aug-2026,17.55,17.45,17.88,17.11,17.79,17.79,17.7,52671,9.32,169, -, -
DIGITIDE,EQ,10-Aug-2026,103.64,103.79,105.8,101.92,104.2,104.1,104.08,398349,414.58,4240, 156091, 39.18
DIGJAMLMTD,EQ,10-Aug-2026,47.81,48.48,50.0,47.33,49.0,49.0,48.9,22195,10.85,100, 19136, 86.22
DIL,BZ,10-Aug-2026,0.77,0.75,0.79,0.74,0.76,0.74,0.75,652805,4.91,425, -, -
DIRL,SM,10-Aug-2026,10.55,10.2,10.2,10.05,10.05,10.05,10.13,18000,1.82,3, 18000, 100.00
DISAQ,EQ,10-Aug-2026,11880.0,11880.0,11999.0,11700.0,11705.0,11722.0,11804.99,657,77.56,505, 156, 23.74
DISHTV,BE,10-Aug-2026,2.89,2.93,2.93,2.78,2.85,2.83,2.87,758655,21.76,1184, -, -
DIVGIITTS,EQ,10-Aug-2026,1047.25,1065.0,1074.25,1035.3,1060.0,1056.2,1063.08,123868,1316.81,8296, 61267, 49.46
DIVIDEND,EQ,10-Aug-2026,36.52,36.7,36.7,36.3,36.3,36.3,36.46,5316,1.94,108, 4823, 90.73
DIVINEHIRA,ST,10-Aug-2026,107.9,106.0,111.5,102.55,110.8,110.8,103.78,44400,46.08,32, 40800, 91.89
DIVISLAB,EQ,10-Aug-2026,8275.0,8285.0,8350.0,8258.5,8300.0,8300.0,8291.99,379960,31506.26,39797, 258059, 67.92
DIVOPPBEES,EQ,10-Aug-2026,79.88,80.09,80.5,79.0,79.2,80.01,79.89,116704,93.24,1141, 97215, 83.30
DIVYADHAN,ST,10-Aug-2026,52.65,50.05,51.5,50.05,50.05,50.05,50.82,10000,5.08,5, 8000, 80.00
DIXON,EQ,10-Aug-2026,14200.0,14200.0,14271.0,14001.0,14115.0,14115.0,14148.61,276636,39140.16,40043, 115756, 41.84
DJML,EQ,10-Aug-2026,112.88,112.0,113.93,109.35,111.45,111.29,112.19,85252,95.65,1283, 5447, 6.39
DLF,EQ,10-Aug-2026,642.0,642.0,660.9,639.3,660.0,660.0,655.17,3031205,19859.45,51133, 953661, 31.46
DLINKINDIA,EQ,10-Aug-2026,444.95,444.95,445.0,434.75,436.0,437.35,438.05,80033,350.58,3651, 47500, 59.35
DMART,EQ,10-Aug-2026,3900.0,3910.0,4059.8,3897.0,4054.0,4054.0,4000.57,552732,22112.41,36050, 237232, 42.92
DMCC,EQ,10-Aug-2026,277.65,283.9,326.0,275.0,316.9,313.1,307.06,1239702,3806.58,21720, 282671, 22.80
DNAMEDIA,EQ,10-Aug-2026,2.75,2.76,2.8,2.64,2.69,2.7,2.74,17824,0.49,106, 11048, 61.98
DODLA,EQ,10-Aug-2026,1041.6,1038.0,1055.9,1030.0,1046.1,1050.8,1046.06,17574,183.84,3269, 9347, 53.19
DOLATALGO,EQ,10-Aug-2026,71.01,72.0,72.85,71.1,71.85,71.86,72.0,147296,106.06,1933, 95899, 65.11
DOLLAR,EQ,10-Aug-2026,279.5,286.0,286.05,273.9,278.9,278.5,278.39,334657,931.66,3837, 245754, 73.43
DOLLEX,SM,10-Aug-2026,30.45,30.5,33.45,30.3,32.55,32.3,31.5,604000,190.27,50, 472000, 78.15
DOLPHIN,EQ,10-Aug-2026,411.05,419.0,422.9,410.0,417.05,417.5,417.25,30109,125.63,739, 24556, 81.56
DOMS,EQ,10-Aug-2026,2260.6,2269.9,2270.0,2233.7,2245.0,2250.1,2250.18,44946,1011.36,7217, 32163, 71.56
DONEAR,EQ,10-Aug-2026,84.48,84.99,85.24,83.5,83.92,84.12,84.02,12140,10.2,162, 7711, 63.52
DPABHUSHAN,EQ,10-Aug-2026,1443.4,1454.2,1499.0,1424.1,1475.0,1474.3,1472.98,28154,414.7,2043, 12985, 46.12
DPEL,SM,10-Aug-2026,555.9,555.0,559.85,542.0,549.0,549.15,550.78,45500,250.61,60, 37500, 82.42
DPSCLTD,BE,10-Aug-2026,7.39,7.39,7.4,7.24,7.4,7.36,7.3,49875,3.64,412, -, -
DPWIRES,BE,10-Aug-2026,167.03,164.01,168.99,164.01,165.0,164.49,165.12,8591,14.19,145, -, -
DRAGARWQ,EQ,10-Aug-2026,5285.5,5285.5,5600.0,5250.0,5399.5,5386.5,5372.64,2159,116.0,588, 1227, 56.83
DRCSYSTEMS,EQ,10-Aug-2026,13.32,13.47,13.47,12.81,12.98,12.98,13.09,69389,9.09,377, 59334, 85.51
DREAMFOLKS,EQ,10-Aug-2026,70.11,70.0,71.5,69.12,70.1,70.33,70.03,30518,21.37,778, 18950, 62.09
DREDGECORP,EQ,10-Aug-2026,1071.3,1062.6,1078.7,1058.0,1064.0,1061.8,1066.58,31814,339.32,3412, 13296, 41.79
DRONE,SM,10-Aug-2026,39.75,39.75,39.95,38.55,39.5,39.5,39.63,11000,4.36,15, 8500, 77.27
DRREDDY,EQ,10-Aug-2026,1172.0,1172.0,1178.8,1156.0,1158.8,1158.8,1166.34,1770609,20651.38,42030, 1196457, 67.57
DSFCL,BE,10-Aug-2026,25.09,25.1,25.11,25.0,25.0,25.0,25.02,47136,11.8,103, -, -
DSKULKARNI,BE,10-Aug-2026,10.96,11.5,11.5,11.5,11.5,11.5,11.5,347,0.04,5, -, -
DSSL,EQ,10-Aug-2026,1227.7,1245.0,1267.0,1227.8,1263.0,1259.8,1250.23,17884,223.59,1814, 12652, 70.74
DTIL,EQ,10-Aug-2026,132.91,136.79,140.39,133.0,136.7,136.07,135.83,9282,12.61,337, 4579, 49.33
DTL,SM,10-Aug-2026,120.0,120.0,120.0,116.0,116.0,116.0,118.0,2400,2.83,2, 2400, 100.00
DUCOL,SM,10-Aug-2026,107.1,106.2,109.0,106.2,106.25,106.25,107.34,4000,4.29,5, 3200, 80.00
DUCON,EQ,10-Aug-2026,3.16,3.24,3.52,3.11,3.4,3.37,3.37,754371,25.42,854, 621848, 82.43
DUGLOBAL,SM,10-Aug-2026,26.45,26.5,26.5,24.6,24.6,24.8,25.31,52500,13.29,14, 50000, 95.24
DURLAX,SM,10-Aug-2026,56.85,57.25,57.8,54.3,55.7,55.7,55.92,32000,17.89,13, 26000, 81.25
DVL,EQ,10-Aug-2026,268.06,280.0,308.9,260.0,283.65,283.06,289.91,433393,1256.47,7209, 115936, 26.75
DWARKESH,EQ,10-Aug-2026,40.87,40.96,42.55,40.69,42.45,42.28,41.85,1410342,590.21,7639, 569013, 40.35
DYCL,EQ,10-Aug-2026,401.9,400.5,430.0,392.0,420.9,422.85,418.18,1226625,5129.54,28784, 355811, 29.01
DYNAMATECH,EQ,10-Aug-2026,11401.0,11690.0,12275.0,11021.0,11100.0,11148.0,11701.29,51887,6071.45,17836, 14536, 28.01
DYNAMIC,ST,10-Aug-2026,135.55,134.55,139.0,131.0,139.0,137.2,134.2,14000,18.79,24, 13500, 96.43
DYNPRO,EQ,10-Aug-2026,260.7,271.8,277.9,261.4,267.35,269.7,268.23,12300,32.99,339, 9698, 78.85
E2E,EQ,10-Aug-2026,575.45,572.0,604.2,551.35,604.2,602.8,593.79,3378109,20058.89,46288, 1203783, 35.63
E2ERAIL,ST,10-Aug-2026,267.75,262.25,269.95,262.05,262.05,262.95,263.5,16000,42.16,19, 16000, 100.00
EASEMYTRIP,EQ,10-Aug-2026,6.58,6.59,6.63,6.53,6.56,6.54,6.57,13573081,891.43,7079, 5347117, 39.40
EASTSILK,BE,10-Aug-2026,63.0,66.15,66.15,64.81,66.15,66.15,66.07,2903,1.92,36, -, -
EBANK10,EQ,10-Aug-2026,16.95,17.11,17.11,16.82,16.93,16.94,16.86,5091,0.86,17, 4114, 80.81
EBANKNIFTY,EQ,10-Aug-2026,58.44,58.25,58.57,58.02,58.29,58.29,58.28,450,0.26,26, 427, 94.89
EBBETF0430,EQ,10-Aug-2026,1614.43,1619.46,1619.46,1610.0,1611.1,1611.49,1613.02,34762,560.72,550, 33619, 96.71
EBBETF0431,EQ,10-Aug-2026,1441.35,1443.86,1444.0,1440.27,1441.21,1441.58,1441.71,8813,127.06,180, 7106, 80.63
EBBETF0433,EQ,10-Aug-2026,1317.81,1330.0,1330.0,1316.99,1319.6,1319.59,1319.6,1826,24.1,91, 1646, 90.14
EBGNG,EQ,10-Aug-2026,525.65,525.65,563.0,509.25,558.1,555.65,543.93,1154876,6281.77,35608, 505165, 43.74
ECAPINSURE,EQ,10-Aug-2026,23.51,23.74,23.8,23.28,23.51,23.62,23.48,64482,15.14,450, 44037, 68.29
ECLERX,EQ,10-Aug-2026,1769.1,1769.0,1794.0,1750.0,1765.0,1763.3,1763.97,137850,2431.63,11240, 71029, 51.53
ECOLINE,ST,10-Aug-2026,205.7,208.3,208.3,195.45,195.45,195.45,196.52,59000,115.94,51, 51000, 86.44
ECOSMOBLTY,BE,10-Aug-2026,129.46,129.37,133.8,128.0,132.9,131.55,131.52,41043,53.98,300, -, -
EDELWEISS,EQ,10-Aug-2026,118.54,119.69,120.7,117.2,117.75,118.38,118.79,2415511,2869.3,17238, 1098640, 45.48
EDUCOMP,BZ,10-Aug-2026,0.91,0.91,0.95,0.88,0.94,0.93,0.92,52755,0.49,118, -, -
EEPL,SM,10-Aug-2026,143.7,158.05,158.05,147.5,158.05,158.05,157.07,327000,513.61,221, 278000, 85.02
EFACTOR,SM,10-Aug-2026,180.0,182.0,192.0,182.0,190.0,190.0,189.36,11600,21.97,25, 11200, 96.55
EFCIL,EQ,10-Aug-2026,186.0,184.2,189.26,183.0,183.0,183.59,185.37,198687,368.31,3366, 111541, 56.14
EFFWA,ST,10-Aug-2026,379.75,383.5,384.5,370.0,373.0,372.6,379.05,36800,139.49,59, 36400, 98.91
EFORCE,SM,10-Aug-2026,21.25,20.4,20.95,20.4,20.95,20.95,20.59,4800,0.99,4, 3600, 75.00
EGOLD,EQ,10-Aug-2026,149.15,149.85,151.05,149.35,150.85,150.8,150.78,682594,1029.24,644, 673348, 98.65
EICHERMOT,EQ,10-Aug-2026,8020.0,8000.0,8024.0,7938.0,7975.0,7975.0,7984.9,372667,29757.09,41013, 227607, 61.08
EIDPARRY,EQ,10-Aug-2026,805.1,811.7,811.75,783.2,789.0,791.25,794.88,765326,6083.4,27532, 476846, 62.31
EIEL,EQ,10-Aug-2026,213.16,214.08,217.98,212.65,217.0,215.63,216.03,668172,1443.43,10637, 239873, 35.90
EIFFL,BE,10-Aug-2026,269.3,259.0,282.75,259.0,282.75,282.75,276.98,19830,54.93,184, -, -
EIHAHOTELS,EQ,10-Aug-2026,302.55,302.5,305.7,294.0,295.7,295.0,297.73,33397,99.43,1789, 22112, 66.21
EIHOTEL,EQ,10-Aug-2026,306.55,305.55,311.4,302.0,302.8,303.15,306.32,246679,755.63,11117, 119037, 48.26
EIMCOELECO,EQ,10-Aug-2026,1849.0,1848.0,1848.0,1798.8,1799.0,1800.3,1810.33,13087,236.92,1799, 7280, 55.63
EKC,EQ,10-Aug-2026,112.68,112.68,115.61,107.58,114.25,114.55,113.38,223528,253.43,3887, 106993, 47.87
ELANTAS,EQ,10-Aug-2026,12312.0,12649.0,12850.0,11610.5,11625.0,11746.0,12041.71,3474,418.33,1549, 1382, 39.78
ELCIDIN,EQ,10-Aug-2026,112260.0,112290.0,112980.0,109190.0,111990.0,111515.0,111617.11,19,21.21,19, 13, 68.42
ELDEHSG,EQ,10-Aug-2026,759.6,759.45,782.0,715.0,778.0,749.7,755.68,5972,45.13,303, 4375, 73.26
ELECON,EQ,10-Aug-2026,437.85,435.45,447.0,431.35,437.5,437.75,439.99,359492,1581.72,19027, 152199, 42.34
ELECTCAST,EQ,10-Aug-2026,71.98,71.1,76.3,70.76,75.0,74.27,74.57,3794115,2829.11,23400, 1623295, 42.78
ELECTHERM,EQ,10-Aug-2026,995.3,993.7,1059.0,990.0,1026.0,1021.4,1041.04,72643,756.25,2654, 54889, 75.56
ELGIEQUIP,EQ,10-Aug-2026,588.45,591.75,591.75,578.55,580.15,582.55,584.48,951575,5561.76,14618, 124632, 13.10
ELGIRUBCO,EQ,10-Aug-2026,63.02,63.02,63.02,60.6,61.53,60.84,61.34,56280,34.52,1098, 27118, 48.18
ELGNZ,SM,10-Aug-2026,96.55,94.0,94.0,86.9,86.9,86.9,88.53,97000,85.88,82, 69000, 71.13
ELIN,EQ,10-Aug-2026,96.49,97.73,97.73,95.1,95.9,95.74,96.32,89688,86.39,1548, 52875, 58.95
ELIQUID,EQ,10-Aug-2026,1042.84,1042.99,1043.0,1042.98,1043.0,1042.99,1042.99,13232,138.01,23, 12991, 98.18
ELITECON,EQ,10-Aug-2026,18.06,18.31,18.31,17.18,17.49,17.28,17.43,1141115,198.87,4324, 563329, 49.37
ELLEN,EQ,10-Aug-2026,292.35,303.0,315.25,292.1,297.5,295.7,304.57,2000278,6092.15,30587, 758629, 37.93
ELM250,EQ,10-Aug-2026,17.01,17.44,17.44,16.8,16.82,16.88,16.9,59384,10.03,288, 37378, 62.94
ELMDIV,EQ,10-Aug-2026,36.91,37.32,37.45,36.91,36.92,36.92,37.04,15906,5.89,95, 7006, 44.05
ELPROINTL,EQ,10-Aug-2026,180.06,177.4,179.0,172.17,175.0,175.53,175.41,92990,163.11,925, 63004, 67.75
EMAMILTD,EQ,10-Aug-2026,412.55,414.0,414.7,408.3,409.0,409.5,411.27,403315,1658.72,14205, 202782, 50.28
EMAMIPAP,BE,10-Aug-2026,110.89,111.0,114.0,110.5,111.4,111.18,111.35,42672,47.52,344, -, -
EMAMIREAL,BE,10-Aug-2026,74.73,74.73,75.68,73.0,74.0,73.19,73.77,7560,5.58,72, -, -
EMAPARTNER,SM,10-Aug-2026,81.0,81.5,81.5,80.5,80.5,80.5,81.0,2000,1.62,2, 2000, 100.00
EMBASSY,RR,10-Aug-2026,441.28,441.85,441.85,437.0,440.0,439.27,438.82,955560,4193.2,15130, 897946, 93.97
EMBDL,EQ,10-Aug-2026,63.04,63.0,65.76,61.8,65.1,65.28,64.04,4486752,2873.1,21645, 2203965, 49.12
EMCURE,EQ,10-Aug-2026,1978.4,2000.0,2048.0,1967.0,1997.0,1995.2,2004.12,205967,4127.82,21984, 91379, 44.37
EMETAL,EQ,10-Aug-2026,13.1,13.18,13.29,13.15,13.18,13.18,13.2,11804,1.56,43, 8637, 73.17
EMIL,EQ,10-Aug-2026,165.83,172.0,189.6,172.0,181.3,180.77,183.11,101219512,185344.3,571869, 9590612, 9.48
EMKAY,EQ,10-Aug-2026,238.86,242.3,242.3,238.5,239.0,239.42,240.39,6314,15.18,260, 3787, 59.98
EMKAYTOOLS,SM,10-Aug-2026,89.0,91.0,91.0,91.0,91.0,91.0,91.0,600,0.55,2, 600, 100.00
EMMBI,BE,10-Aug-2026,83.82,83.9,86.0,83.01,85.0,85.22,84.74,8713,7.38,78, -, -
EMMIL,SM,10-Aug-2026,122.95,117.6,124.65,117.0,119.0,120.35,120.73,7000,8.45,24, 5250, 75.00
EMMVEE,EQ,10-Aug-2026,318.9,323.1,334.7,322.4,325.0,323.8,328.48,4055886,13322.75,52467, 1453022, 35.83
EMPOWER,BE,10-Aug-2026,2.43,2.31,2.31,2.31,2.31,2.31,2.31,796920,18.41,1051, -, -
EMSLIMITED,EQ,10-Aug-2026,404.4,403.95,405.15,397.0,399.0,398.85,399.72,108454,433.51,3605, 52083, 48.02
EMUDHRA,EQ,10-Aug-2026,538.85,540.0,540.55,528.0,531.95,530.0,534.72,131075,700.89,5944, 69421, 52.96
EMULTIMQ,EQ,10-Aug-2026,41.63,41.68,42.0,41.65,41.83,41.98,41.86,33923,14.2,202, 30912, 91.12
ENCOMPAS,SM,10-Aug-2026,240.75,243.6,244.0,236.0,242.0,242.0,240.89,2400,5.78,6, 2400, 100.00
ENDURANCE,EQ,10-Aug-2026,2904.5,2924.8,2984.0,2919.1,2968.0,2969.0,2964.94,203417,6031.19,30512, 126992, 62.43
ENERGY,EQ,10-Aug-2026,38.89,40.06,40.06,38.77,38.95,38.95,38.91,152401,59.31,1149, 107009, 70.22
ENERGYDEV,EQ,10-Aug-2026,16.5,16.66,17.02,16.21,16.21,16.24,16.36,46164,7.55,309, 31009, 67.17
ENEXT50,EQ,10-Aug-2026,74.4,75.14,75.14,72.56,72.56,73.14,73.69,2630,1.94,21, 2037, 77.45
ENFUSE,SM,10-Aug-2026,165.0,162.0,171.9,162.0,171.9,171.9,165.96,2400,3.98,4, 1800, 75.00
ENGINERSIN,EQ,10-Aug-2026,240.6,240.6,249.0,238.95,247.1,247.96,245.61,3326778,8171.04,49208, 1611645, 48.44
ENIFTY,EQ,10-Aug-2026,24.89,24.26,24.86,24.26,24.8,24.8,24.8,1694,0.42,68, 1537, 90.73
ENIL,EQ,10-Aug-2026,102.08,101.5,103.2,101.0,101.7,101.49,101.77,59239,60.29,632, 50612, 85.44
ENRIN,EQ,10-Aug-2026,3648.8,3691.0,3729.0,3553.3,3574.0,3567.3,3635.25,1146677,41684.54,86316, 335520, 29.26
ENSER,SM,10-Aug-2026,15.5,15.5,15.5,14.35,14.7,14.7,14.57,40000,5.83,6, 40000, 100.00
ENTERO,EQ,10-Aug-2026,1242.7,1333.0,1426.3,1300.0,1311.0,1315.1,1356.59,1413561,19176.26,86794, 352379, 24.93
ENVIRO,SM,10-Aug-2026,76.0,76.0,76.0,74.5,74.5,74.5,74.96,50000,37.48,34, 27000, 54.00
EPACK,EQ,10-Aug-2026,229.48,228.75,234.65,226.81,230.25,231.28,230.92,439469,1014.84,6919, 204434, 46.52
EPACKPEB,EQ,10-Aug-2026,246.3,247.0,253.85,245.25,252.0,251.25,250.28,573444,1435.24,12312, 216450, 37.75
EPIGRAL,EQ,10-Aug-2026,1101.2,1110.4,1135.0,1094.0,1133.3,1126.6,1121.79,54218,608.21,3978, 31890, 58.82
EPL,EQ,10-Aug-2026,224.72,228.64,232.33,224.72,229.98,228.98,230.11,301826,694.52,9768, 156887, 51.98
EPWINDIA,ST,10-Aug-2026,240.0,240.0,240.0,240.0,240.0,240.0,240.0,1200,2.88,1, 1200, 100.00
EQUAL200,EQ,10-Aug-2026,14.09,14.38,14.38,14.04,14.09,14.09,14.12,6177,0.87,71, 5938, 96.13
EQUAL50,EQ,10-Aug-2026,340.12,341.39,341.61,340.39,340.98,340.98,341.05,573,1.95,21, 535, 93.37
EQUAL50ADD,EQ,10-Aug-2026,351.78,353.95,353.95,349.9,349.9,351.16,351.99,73369,258.25,386, 70593, 96.22
EQUIPPP,BE,10-Aug-2026,23.24,23.9,23.9,22.08,22.35,22.35,22.12,31006,6.86,63, -, -
EQUITASBNK,EQ,10-Aug-2026,75.22,75.23,76.9,72.4,75.02,75.49,75.54,2353457,1777.78,18633, 1238377, 52.62
ERIS,EQ,10-Aug-2026,1382.4,1384.0,1397.0,1378.3,1395.0,1393.4,1389.7,32355,449.64,4005, 20363, 62.94
ESABINDIA,EQ,10-Aug-2026,5631.5,5606.0,5780.0,5606.0,5752.0,5746.0,5729.2,4349,249.16,1304, 2389, 54.93
ESAFSFB,EQ,10-Aug-2026,40.27,40.9,40.92,39.28,39.83,39.85,39.9,2056717,820.72,7025, 838729, 40.78
ESCONET,SM,10-Aug-2026,137.8,140.0,165.35,140.0,165.35,165.35,163.28,82000,133.89,170, 60000, 73.17
ESCORTS,EQ,10-Aug-2026,3080.0,3080.0,3131.0,3059.0,3088.0,3082.1,3106.21,87772,2726.38,9613, 46658, 53.16
ESENSEX,EQ,10-Aug-2026,79.04,81.01,81.01,78.5,78.5,79.19,79.19,687,0.54,33, 492, 71.62
ESFL,SM,10-Aug-2026,126.25,129.5,137.9,125.0,134.0,132.55,133.78,51840,69.35,123, 25560, 49.31
ESG,EQ,10-Aug-2026,42.37,42.27,42.49,42.25,42.31,42.39,42.4,7042,2.99,83, 4888, 69.41
ESILVER,EQ,10-Aug-2026,230.56,231.48,232.86,228.95,229.53,229.67,230.17,68193,156.96,1575, 17531, 25.71
ESPRIT,SM,10-Aug-2026,70.0,69.0,69.5,67.1,67.1,67.1,68.19,28800,19.64,18, 22400, 77.78
ESSARSHPNG,EQ,10-Aug-2026,19.86,19.86,20.23,19.61,19.97,20.02,19.95,156833,31.29,571, 86208, 54.97
ESSENTIA,BE,10-Aug-2026,1.24,1.25,1.3,1.24,1.3,1.29,1.29,4679511,60.43,1013, -, -
ESTER,EQ,10-Aug-2026,87.35,87.15,101.89,86.91,98.65,99.22,97.93,1758940,1722.45,12789, 484714, 27.56
ETERNAL,EQ,10-Aug-2026,315.0,315.45,316.25,309.5,310.25,310.25,311.88,16471148,51370.33,92925, 7962196, 48.34
ETHOSLTD,EQ,10-Aug-2026,2782.1,2790.0,2882.1,2750.0,2831.0,2833.1,2845.23,31520,896.82,6521, 13881, 44.04
ETL,SM,10-Aug-2026,1050.3,1040.0,1040.0,1040.0,1040.0,1040.0,1040.0,150,1.56,1, 150, 100.00
ETML,SM,10-Aug-2026,83.6,84.0,84.0,81.0,81.5,81.5,81.59,10800,8.81,9, 10800, 100.00
EUREKAFORB,EQ,10-Aug-2026,450.55,450.55,455.0,445.65,447.5,447.8,450.08,107017,481.67,6411, 50816, 47.48
EUROBOND,EQ,10-Aug-2026,164.99,164.99,165.0,157.05,160.5,162.57,161.6,17575,28.4,267, 12943, 73.64
EUROPRATIK,EQ,10-Aug-2026,314.1,314.1,325.0,310.05,322.0,323.15,321.23,340727,1094.52,8236, 118973, 34.92
EUROTEXIND,BE,10-Aug-2026,13.37,13.63,13.63,13.63,13.63,13.63,13.63,155,0.02,4, -, -
EVEREADY,EQ,10-Aug-2026,356.8,366.0,369.9,346.5,350.85,350.6,361.34,401954,1452.43,10753, 179285, 44.60
EVERESTIND,BE,10-Aug-2026,468.05,475.1,486.8,469.25,486.0,481.9,479.96,12995,62.37,239, -, -
EVIETF,EQ,10-Aug-2026,34.23,34.43,34.45,34.06,34.23,34.2,34.39,705919,242.76,1164, 658811, 93.33
EVINDIA,EQ,10-Aug-2026,34.18,34.49,34.6,34.11,34.15,34.16,34.3,1445147,495.67,3498, 825791, 57.14
EXCELINDUS,EQ,10-Aug-2026,1029.0,1031.0,1040.95,1010.0,1010.15,1012.4,1020.65,3791,38.69,434, 2766, 72.96
EXCELLENT,ST,10-Aug-2026,207.0,207.0,207.0,207.0,207.0,207.0,207.0,3200,6.62,2, 3200, 100.00
EXCELSOFT,EQ,10-Aug-2026,83.65,79.0,81.34,77.0,77.85,77.68,78.55,1116940,877.36,9569, 661950, 59.26
EXICOM,EQ,10-Aug-2026,158.9,158.1,161.29,148.1,153.4,153.22,153.65,3694915,5677.23,40058, 936002, 25.33
EXIDEIND,EQ,10-Aug-2026,490.0,487.95,493.3,482.95,484.0,485.4,487.53,3227925,15736.99,68450, 1516418, 46.98
EXIMROUTES,SM,10-Aug-2026,109.1,109.0,109.0,108.3,109.0,109.0,108.77,2400,2.61,3, 1600, 66.67
EXPLEOSOL,EQ,10-Aug-2026,836.75,837.95,848.0,827.15,836.7,835.5,836.66,29279,244.96,1808, 16586, 56.65
EXXARO,EQ,10-Aug-2026,6.16,6.33,6.33,6.12,6.16,6.22,6.21,192465,11.94,394, 142258, 73.91
FABTECH,EQ,10-Aug-2026,148.63,149.68,150.97,146.14,149.0,147.42,147.47,56368,83.13,1285, 26847, 47.63
FACT,EQ,10-Aug-2026,839.4,838.0,840.05,831.35,838.0,834.7,835.22,51368,429.03,3937, 25417, 49.48
FAIRCHEMOR,BE,10-Aug-2026,749.95,740.55,760.0,740.55,750.0,750.0,748.21,7023,52.55,113, -, -
FALCONTECH,SM,10-Aug-2026,12.35,11.5,11.85,11.5,11.75,11.75,11.6,8400,0.97,7, 4800, 57.14
FAZE3Q,EQ,10-Aug-2026,569.2,590.0,590.0,560.1,572.0,570.6,571.36,6353,36.3,442, 3638, 57.26
FCL,EQ,10-Aug-2026,41.64,41.83,43.74,40.36,42.61,42.51,42.45,13354818,5669.23,32412, 5058995, 37.88
FCONSUMER,BZ,10-Aug-2026,0.26,0.26,0.26,0.25,0.25,0.25,0.25,2805832,7.02,780, -, -
FCSSOFT,EQ,10-Aug-2026,1.47,1.48,1.49,1.47,1.48,1.47,1.48,1817585,26.87,1075, 895573, 49.27
FDC,EQ,10-Aug-2026,369.8,369.8,370.2,357.1,357.15,360.35,365.05,278514,1016.71,8630, 174336, 62.60
FEDDERSHOL,EQ,10-Aug-2026,43.45,42.65,43.47,42.57,43.0,43.13,43.03,207794,89.42,1372, 88721, 42.70
FEDERALBNK,EQ,10-Aug-2026,356.25,357.0,358.6,353.95,358.35,358.35,355.25,2848547,10119.38,76528, 1794980, 63.01
FEDFINA,EQ,10-Aug-2026,149.59,150.0,150.99,148.02,149.3,149.9,149.29,781478,1166.64,11989, 415639, 53.19
FEL,BZ,10-Aug-2026,0.37,0.37,0.38,0.37,0.38,0.38,0.38,120805,0.46,122, -, -
FELDVR,BZ,10-Aug-2026,2.26,2.31,2.37,2.31,2.37,2.37,2.36,2108,0.05,15, -, -
FELIX,SM,10-Aug-2026,181.3,179.35,184.9,179.35,182.9,183.65,181.95,38000,69.14,63, 21000, 55.26
FERMENTA,EQ,10-Aug-2026,560.6,560.6,580.45,545.1,547.4,547.95,564.0,146762,827.74,7574, 71046, 48.41
FIBERWEB,EQ,10-Aug-2026,29.76,29.76,30.0,29.0,29.0,29.49,29.42,30181,8.88,131, 27574, 91.36
FIDEL,SM,10-Aug-2026,138.55,138.55,141.0,134.0,140.0,140.25,138.94,7000,9.73,7, 6000, 85.71
FIEMIND,EQ,10-Aug-2026,2580.3,2590.0,2615.2,2521.8,2538.2,2539.3,2573.76,111928,2880.76,16057, 51191, 45.74
FILATEX,EQ,10-Aug-2026,83.33,83.82,85.7,80.56,84.79,84.78,83.38,4575349,3815.12,21512, 2145467, 46.89
FILATFASH,BE,10-Aug-2026,0.18,0.19,0.19,0.18,0.19,0.18,0.19,11103735,20.57,1962, -, -
FINBUD,SM,10-Aug-2026,140.2,138.0,142.0,138.0,142.0,142.0,139.94,10000,13.99,10, 8000, 80.00
FINCABLES,EQ,10-Aug-2026,1024.65,1024.65,1068.0,1010.45,1059.5,1058.05,1054.23,596060,6283.86,36642, 233537, 39.18
FINEORG,EQ,10-Aug-2026,5162.1,5100.0,5127.1,4802.0,5040.0,5027.8,4974.66,78451,3902.67,16959, 32207, 41.05
FINIETF,EQ,10-Aug-2026,33.26,32.42,33.76,32.42,33.6,33.47,33.28,438479,145.94,1848, 260561, 59.42
FINKURVE,EQ,10-Aug-2026,58.9,58.9,61.99,57.55,60.0,60.45,59.95,24586,14.74,606, 14630, 59.51
FINOPB,EQ,10-Aug-2026,154.96,154.9,158.99,153.31,157.01,157.57,156.97,304253,477.57,4652, 89063, 29.27
FINPIPE,EQ,10-Aug-2026,164.43,165.49,165.65,161.0,161.2,161.33,161.83,627445,1015.39,21782, 348276, 55.51
FIRSTCRY,EQ,10-Aug-2026,214.2,214.0,214.4,211.8,212.5,212.78,213.25,258367,550.97,6231, 122322, 47.34
FISCHER,EQ,10-Aug-2026,38.01,38.3,39.14,37.75,39.0,38.98,38.68,1779778,688.46,3159, 279924, 15.73
FIVESTAR,EQ,10-Aug-2026,543.25,543.25,552.0,543.0,547.95,546.55,547.85,199141,1091.0,11383, 118602, 59.56
FLAIR,EQ,10-Aug-2026,252.4,252.5,257.5,250.5,251.0,251.35,254.37,357910,910.41,3801, 255778, 71.46
FLEXIADD,EQ,10-Aug-2026,10.33,10.33,10.59,10.28,10.34,10.34,10.37,87915,9.11,271, 78540, 89.34
FLEXITUFF,BE,10-Aug-2026,3.69,3.75,3.75,3.51,3.51,3.51,3.54,163825,5.79,201, -, -
FLFL,BZ,10-Aug-2026,1.19,1.21,1.22,1.19,1.2,1.21,1.2,44155,0.53,89, -, -
FLUOROCHEM,EQ,10-Aug-2026,4518.1,4525.1,4563.3,4449.9,4480.0,4484.0,4505.83,61603,2775.73,14980, 34434, 55.90
FLYSBS,SM,10-Aug-2026,435.35,445.0,455.9,434.0,436.0,439.8,445.55,81200,361.79,263, 43200, 53.20
FMCGADD,EQ,10-Aug-2026,49.83,51.07,51.07,49.4,49.6,49.61,49.61,5592,2.77,59, 2783, 49.77
FMCGIETF,EQ,10-Aug-2026,52.99,54.05,54.05,52.9,53.07,52.98,52.98,884652,468.68,3427, 544519, 61.55
FMGOETZE,EQ,10-Aug-2026,492.25,498.8,499.9,490.5,490.5,491.25,493.94,44378,219.2,1895, 27211, 61.32
FMNL,BE,10-Aug-2026,9.35,9.81,9.81,9.02,9.3,9.3,9.3,10261,0.95,64, -, -
FOCUS,BE,10-Aug-2026,67.08,68.2,69.5,66.51,68.25,68.58,68.48,25898,17.74,205, -, -
FONEBOX,SM,10-Aug-2026,98.1,98.1,98.5,96.0,96.0,96.0,97.68,4000,3.91,4, 4000, 100.00
FOODSIN,EQ,10-Aug-2026,54.92,56.48,56.48,53.3,53.7,53.49,53.92,54114,29.18,716, 39059, 72.18
FORCAS,ST,10-Aug-2026,187.1,196.45,196.45,187.0,187.05,187.0,187.5,30400,57.0,6, 28800, 94.74
FORCEMOT,EQ,10-Aug-2026,18500.0,18500.0,18838.0,18210.0,18300.0,18300.0,18484.97,50756,9382.23,13144, 15921, 31.37
FORGEAUTO,SM,10-Aug-2026,116.15,121.95,121.95,114.05,114.05,114.05,119.7,67200,80.44,38, 36000, 53.57
FORTIS,EQ,10-Aug-2026,955.15,965.05,978.7,944.3,945.15,945.15,959.12,2217206,21265.64,56727, 1061671, 47.88
FOSECOIND,EQ,10-Aug-2026,5500.5,5585.0,5620.0,5503.0,5562.5,5571.0,5560.35,6659,370.26,1305, 4345, 65.25
FRACTAL,EQ,10-Aug-2026,817.7,814.0,821.2,799.9,810.0,805.6,810.77,143477,1163.26,8079, 69467, 48.42
FRESHARA,ST,10-Aug-2026,361.5,361.5,377.0,358.8,375.0,374.45,373.03,51600,192.48,72, 48000, 93.02
FROG,ST,10-Aug-2026,214.2,215.9,216.0,215.25,216.0,216.0,215.74,4800,10.36,12, 4800, 100.00
FRONTSP,EQ,10-Aug-2026,1401.2,1401.2,1430.0,1396.0,1413.4,1407.1,1409.66,20175,284.4,2590, 12243, 60.68
FSL,EQ,10-Aug-2026,279.85,280.0,281.0,272.7,279.8,279.7,277.26,2638873,7316.51,54628, 685235, 25.97
FUSION,EQ,10-Aug-2026,204.99,204.61,214.0,202.21,206.2,206.16,208.27,676360,1408.64,12445, 291653, 43.12
FWSTC,SM,10-Aug-2026,189.7,195.0,195.0,185.0,190.0,190.0,190.0,51600,98.04,7, 51600, 100.00
GABRIEL,EQ,10-Aug-2026,1499.8,1500.0,1520.0,1462.0,1463.0,1469.8,1489.91,257360,3834.42,19439, 116745, 45.36
GAEL,EQ,10-Aug-2026,169.22,168.4,174.0,167.2,172.04,172.85,170.75,898152,1533.56,14434, 437627, 48.73
GAIL,EQ,10-Aug-2026,173.63,173.49,173.49,170.02,172.5,172.5,171.37,9148494,15677.81,50377, 4630321, 50.61
GALAPREC,EQ,10-Aug-2026,1036.4,975.0,1012.8,961.1,1001.0,997.0,988.52,142069,1404.38,12173, 65475, 46.09
GALAXYSURF,EQ,10-Aug-2026,2066.7,2086.7,2117.9,2054.1,2091.9,2084.8,2087.22,17701,369.46,3571, 8294, 46.86
GALLANTT,EQ,10-Aug-2026,605.5,592.0,621.0,585.0,591.8,591.2,600.33,133768,803.04,7576, 57215, 42.77
GANDHAR,EQ,10-Aug-2026,242.71,243.0,243.95,234.76,236.91,236.82,239.3,1261507,3018.75,14628, 475290, 37.68
GANDHITUBE,EQ,10-Aug-2026,889.7,891.85,892.95,880.0,881.0,882.1,885.29,2596,22.98,227, 1943, 74.85
GANECOS,EQ,10-Aug-2026,1064.3,1061.0,1078.1,1030.0,1038.0,1037.5,1047.97,127899,1340.34,12032, 62046, 48.51
GANESHBE,BE,10-Aug-2026,120.41,121.01,122.0,117.1,120.89,120.36,120.68,68802,83.03,415, -, -
GANESHCP,EQ,10-Aug-2026,161.8,161.0,164.17,160.0,161.88,161.58,161.86,203788,329.85,4441, 82163, 40.32
GANESHHOU,EQ,10-Aug-2026,760.75,762.0,777.0,762.0,774.0,772.75,769.39,22249,171.18,1449, 13048, 58.65
GANESHIN,ST,10-Aug-2026,118.8,116.0,120.7,113.5,117.35,117.65,117.52,91200,107.18,93, 84800, 92.98
GANGABATH,SM,10-Aug-2026,22.9,22.9,22.95,22.25,22.9,22.9,22.81,21000,4.79,6, 12000, 57.14
GANGAFORGE,BE,10-Aug-2026,2.11,2.15,2.21,2.15,2.21,2.2,2.21,13503988,297.94,5228, -, -
GANGESSECU,EQ,10-Aug-2026,118.0,120.1,120.1,116.4,118.78,116.86,117.23,444,0.52,44, 324, 72.97
GARFIBRES,EQ,10-Aug-2026,811.85,812.0,817.45,791.5,792.25,799.35,801.84,30295,242.92,3942, 13600, 44.89
GARUDA,EQ,10-Aug-2026,180.5,181.0,200.5,181.0,194.6,194.51,195.34,12216239,23863.23,115827, 1454676, 11.91
GATECH,BE,10-Aug-2026,0.66,0.69,0.69,0.68,0.69,0.68,0.69,16182766,111.15,2898, -, -
GATECHDVR,BE,10-Aug-2026,0.51,0.51,0.53,0.51,0.53,0.52,0.53,839232,4.43,221, -, -
GATEWAY,EQ,10-Aug-2026,56.5,56.75,58.5,56.4,58.0,58.04,57.82,2214465,1280.33,12855, 1526155, 68.92
GAUDIUMIVF,BE,10-Aug-2026,130.95,130.0,130.0,128.35,128.35,128.35,128.82,61920,79.76,490, -, -
GAYAHWS,EQ,10-Aug-2026,1.98,1.98,2.06,1.91,1.95,1.95,1.98,178005,3.53,317, 121162, 68.07
GAYAPROJ,BE,10-Aug-2026,20.09,20.2,20.5,19.45,19.62,19.8,19.89,270453,53.8,1110, -, -
GCHOTELS,ST,10-Aug-2026,108.95,105.05,108.65,104.0,105.8,104.65,104.86,59400,62.29,73, 43200, 72.73
GCSL,EQ,10-Aug-2026,523.95,526.8,528.45,515.0,515.0,517.35,519.84,717721,3731.02,3632, 296968, 41.38
GEECEE,BE,10-Aug-2026,363.45,369.0,375.0,354.0,370.0,371.9,366.51,7079,25.94,106, -, -
GEEKAYWIRE,EQ,10-Aug-2026,22.53,23.09,23.09,22.75,23.08,22.96,22.9,46601,10.67,296, 38706, 83.06
GEMAROMA,EQ,10-Aug-2026,185.46,186.0,186.45,178.0,178.0,178.88,181.36,80415,145.84,1597, 46848, 58.26
GENCON,EQ,10-Aug-2026,39.47,39.82,40.3,39.18,40.3,39.42,39.6,237881,94.2,1410, 11818, 4.97
GENESYS,EQ,10-Aug-2026,227.45,229.9,230.6,219.25,221.5,220.75,225.04,203060,456.96,5500, 105199, 51.81
GENSOL,BZ,10-Aug-2026,17.39,17.39,17.6,17.17,17.19,17.21,17.34,92814,16.09,646, -, -
GENUSPAPER,EQ,10-Aug-2026,12.36,12.3,13.0,12.22,12.65,12.47,12.54,85036,10.67,298, 59493, 69.96
GENUSPOWER,EQ,10-Aug-2026,306.65,306.65,309.25,304.1,305.1,305.0,306.15,944982,2893.06,18061, 518639, 54.88
GENXAI,SM,10-Aug-2026,77.55,78.95,81.45,78.95,81.0,81.0,80.16,31200,25.01,24, 20400, 65.38
GEOJITFSL,EQ,10-Aug-2026,77.02,76.9,79.35,76.2,77.7,77.66,77.92,290911,226.67,3546, 133173, 45.78
GESHIP,EQ,10-Aug-2026,1341.8,1343.9,1344.5,1316.0,1332.0,1329.6,1327.15,669604,8886.66,40867, 316920, 47.33
GFLLIMITED,EQ,10-Aug-2026,50.77,52.4,52.4,48.02,49.41,48.88,49.89,56347,28.11,1307, 26226, 46.54
GFSTEELS,BE,10-Aug-2026,14.29,15.0,15.0,15.0,15.0,15.0,15.0,18875,2.83,17, -, -
GGBL,SM,10-Aug-2026,254.85,251.1,254.85,248.05,250.95,249.9,250.09,25800,64.52,73, 20700, 80.23
GHCL,EQ,10-Aug-2026,436.05,436.35,436.4,431.5,434.55,434.45,433.81,121242,525.96,2544, 92492, 76.29
GHCLTEXTIL,EQ,10-Aug-2026,121.59,123.3,123.3,119.95,120.57,120.86,121.59,471392,573.18,5071, 299021, 63.43
GICHSGFIN,EQ,10-Aug-2026,152.88,152.9,153.77,150.92,153.5,153.36,152.4,111414,169.79,1617, 73870, 66.30
GICL,EQ,10-Aug-2026,19.91,20.2,20.9,19.63,20.9,20.74,20.63,587729,121.28,503, 512973, 87.28
GICRE,EQ,10-Aug-2026,357.2,357.2,358.35,351.5,352.7,352.8,354.85,452590,1606.02,10113, 306340, 67.69
GILLANDERS,EQ,10-Aug-2026,90.69,88.2,95.0,88.2,93.39,92.12,91.83,9429,8.66,175, 7516, 79.71
GILLETTE,EQ,10-Aug-2026,7683.5,7690.0,7706.5,7644.0,7653.0,7651.5,7669.13,9339,716.22,3963, 5595, 59.91
GILT10BETA,EQ,10-Aug-2026,26.47,26.85,26.85,26.65,26.7,26.7,26.79,697,0.19,28, 466, 66.86
GILT5BETA,EQ,10-Aug-2026,67.29,67.23,67.23,65.95,66.16,66.16,66.38,509,0.34,19, 328, 64.44
GILT5YBEES,EQ,10-Aug-2026,66.49,66.54,66.55,66.33,66.48,66.44,66.45,356927,237.17,843, 236733, 66.33
GINNIFILA,BE,10-Aug-2026,45.57,45.2,46.2,45.0,45.4,45.27,45.71,42992,19.65,102, -, -
GIPCL,EQ,10-Aug-2026,157.93,159.0,166.05,159.0,165.5,164.73,164.0,700374,1148.61,7507, 408512, 58.33
GIRIRAJ,SM,10-Aug-2026,53.5,53.95,54.0,52.3,54.0,54.0,52.85,22750,12.02,29, 21250, 93.41
GJL,ST,10-Aug-2026,188.0,196.0,197.4,190.0,197.0,197.0,195.48,4000,7.82,5, 4000, 100.00
GKENERGY,EQ,10-Aug-2026,136.86,136.9,141.0,131.98,132.99,133.47,136.25,894179,1218.31,10612, 502488, 56.20
GKSL,EQ,10-Aug-2026,134.38,135.5,139.17,132.81,133.65,133.71,137.04,1171335,1605.2,4733, 314740, 26.87
GKWLIMITED,EQ,10-Aug-2026,1628.7,1628.7,1655.4,1620.3,1640.0,1651.5,1648.24,961,15.84,65, 874, 90.95
GLAND,EQ,10-Aug-2026,2601.0,2632.0,2685.0,2610.1,2670.0,2667.3,2659.18,720772,19166.64,44306, 426998, 59.24
GLAXO,EQ,10-Aug-2026,2599.7,2595.8,2614.7,2576.1,2600.0,2601.0,2599.1,29273,760.84,4746, 17088, 58.37
GLENMARK,EQ,10-Aug-2026,2279.1,2293.0,2297.8,2251.3,2251.3,2251.3,2272.83,257787,5859.05,19413, 93766, 36.37
GLFL,BE,10-Aug-2026,5.2,5.18,5.45,5.01,5.45,5.45,5.1,15594,0.8,44, -, -
GLOBAL,EQ,10-Aug-2026,101.84,102.0,103.4,100.22,101.2,101.59,101.47,38659,39.23,368, 29015, 75.05
GLOBALE,BE,10-Aug-2026,10.53,10.25,10.53,10.25,10.35,10.35,10.45,1130,0.12,17, -, -
GLOBALVECT,EQ,10-Aug-2026,159.02,159.49,163.9,158.11,159.8,158.82,161.31,5317,8.58,284, 3140, 59.06
GLOBE,EQ,10-Aug-2026,2.0,2.05,2.1,1.96,2.03,2.03,2.0,906622,18.17,429, 678501, 74.84
GLOBECIVIL,EQ,10-Aug-2026,39.81,40.4,46.5,40.0,43.35,43.29,44.01,451738,198.8,3016, 201731, 44.66
GLOBUSSPR,EQ,10-Aug-2026,906.3,912.7,912.7,887.0,889.5,889.6,893.91,128336,1147.21,5548, 60702, 47.30
GLOSTERLTD,EQ,10-Aug-2026,697.45,652.05,665.95,650.55,662.45,659.9,659.88,7375,48.67,502, 5117, 69.38
GLOTTIS,BE,10-Aug-2026,69.06,69.85,69.85,66.93,68.0,67.77,67.86,30641,20.79,302, -, -
GMBREW,EQ,10-Aug-2026,908.35,905.0,913.2,898.0,901.0,901.1,901.88,23827,214.89,1785, 11388, 47.79
GMDCLTD,EQ,10-Aug-2026,582.8,584.0,606.55,580.15,602.9,603.15,599.2,2799779,16776.35,51229, 863997, 30.86
GML,SM,10-Aug-2026,17.05,17.4,17.9,17.4,17.9,17.9,17.78,8000,1.42,4, 8000, 100.00
GMMPFAUDLR,EQ,10-Aug-2026,987.3,987.4,995.9,963.0,993.2,993.6,978.18,279325,2732.3,11498, 108158, 38.72
GMRAIRPORT,EQ,10-Aug-2026,107.2,107.62,107.62,105.77,106.3,106.3,106.51,4292976,4572.37,32368, 2253059, 52.48
GMRP&UI,EQ,10-Aug-2026,97.49,97.51,97.65,96.25,96.4,96.48,96.71,354116,342.48,3677, 227858, 64.35
GNA,EQ,10-Aug-2026,527.2,529.0,548.0,523.0,538.0,538.7,535.8,1054786,5651.52,23145, 467858, 44.36
GNFC,EQ,10-Aug-2026,535.5,537.1,545.3,532.55,544.05,544.1,542.02,272419,1476.56,8402, 161149, 59.15
GNRL,EQ,10-Aug-2026,93.92,93.9,106.45,92.57,103.7,102.3,100.5,674721,678.13,14577, 171401, 25.40
GOACARBON,EQ,10-Aug-2026,383.5,384.65,384.7,380.1,381.0,380.85,381.51,4304,16.42,247, 2181, 50.67
GOCLCORP,EQ,10-Aug-2026,438.25,438.25,439.15,423.05,425.15,428.2,430.51,106090,456.73,4599, 59505, 56.09
GOCOLORS,EQ,10-Aug-2026,322.05,323.9,330.65,322.5,328.0,329.25,327.38,133630,437.48,3502, 52460, 39.26
GODAVARIB,EQ,10-Aug-2026,246.95,247.0,247.0,239.0,241.0,240.1,241.74,204625,494.67,3983, 131505, 64.27
GODFRYPHLP,EQ,10-Aug-2026,2286.0,2299.8,2309.8,2272.7,2289.0,2289.0,2290.33,176163,4034.71,13170, 62070, 35.23
GODIGIT,EQ,10-Aug-2026,272.25,272.0,272.1,266.0,268.4,268.4,268.14,268470,719.86,10564, 132914, 49.51
GODREJAGRO,EQ,10-Aug-2026,542.85,548.0,558.9,539.05,557.0,556.05,550.09,233286,1283.28,13722, 119499, 51.22
GODREJCP,EQ,10-Aug-2026,1050.0,1052.3,1052.5,1020.7,1033.0,1033.0,1031.23,1516590,15639.54,47648, 732223, 48.28
GODREJIND,EQ,10-Aug-2026,1311.5,1301.0,1309.4,1289.0,1294.2,1292.2,1299.11,36613,475.64,4928, 18749, 51.21
GODREJPROP,EQ,10-Aug-2026,2070.0,2070.0,2120.0,2057.6,2108.4,2108.4,2099.26,364012,7641.56,21343, 146026, 40.12
GOKEX,EQ,10-Aug-2026,805.5,805.0,805.0,792.8,797.75,796.15,800.5,165779,1327.07,9301, 91874, 55.42
GOKUL,EQ,10-Aug-2026,39.68,40.3,40.3,39.22,39.22,39.44,39.98,141483,56.57,664, 22862, 16.16
GOKULAGRO,EQ,10-Aug-2026,228.8,230.0,231.61,226.25,226.5,227.06,229.08,206350,472.71,4681, 99286, 48.12
GOLD1,EQ,10-Aug-2026,124.73,125.98,126.19,122.8,126.05,125.91,125.75,6316238,7942.94,11223, 5103371, 80.80
GOLD360,EQ,10-Aug-2026,145.5,147.5,148.8,145.0,146.5,146.8,146.85,36622,53.78,443, 26145, 71.39
GOLDADD,EQ,10-Aug-2026,145.12,146.0,146.88,145.72,146.46,146.47,146.25,203977,298.31,1457, 113029, 55.41
GOLDAXIS,EQ,10-Aug-2026,124.78,124.78,127.89,124.01,125.9,125.89,125.9,1279477,1610.89,4706, 762820, 59.62
GOLDBEES,EQ,10-Aug-2026,123.4,124.03,124.99,123.74,124.63,124.58,124.44,30250470,37644.63,119288, 15074234, 49.83
GOLDBETA,EQ,10-Aug-2026,125.7,128.8,128.8,122.55,126.85,126.8,126.62,1062613,1345.44,3471, 644851, 60.69
GOLDBND,EQ,10-Aug-2026,149.45,150.45,150.98,149.45,149.84,150.36,150.28,8494,12.76,257, 4281, 50.40
GOLDCASE,EQ,10-Aug-2026,23.48,24.06,24.17,23.01,23.69,23.71,23.7,16365515,3878.05,16652, 9517376, 58.16
GOLDENTOBC,BZ,10-Aug-2026,24.59,24.01,25.5,24.01,24.05,24.05,25.08,434,0.11,20, -, -
GOLDETF,EQ,10-Aug-2026,145.03,145.03,147.93,145.03,146.4,146.39,146.17,1838496,2687.26,6190, 1063470, 57.84
GOLDIAM,EQ,10-Aug-2026,372.9,388.0,390.0,366.1,372.1,369.05,377.2,1539915,5808.54,24645, 638974, 41.49
GOLDIETF,EQ,10-Aug-2026,127.88,129.0,131.08,127.88,129.15,129.22,129.09,7824782,10100.66,52099, 5002895, 63.94
GOLDSTAR,SM,10-Aug-2026,6.8,6.75,6.75,6.55,6.55,6.6,6.64,78750,5.23,7, 67500, 85.71
GOLDTECH,BE,10-Aug-2026,53.81,53.81,53.81,52.0,52.9,52.89,52.59,11010,5.79,132, -, -
GOODLUCK,EQ,10-Aug-2026,1508.8,1514.2,1545.7,1475.0,1482.0,1479.6,1506.84,344737,5194.63,27033, 179706, 52.13
GOODYEAR,EQ,10-Aug-2026,802.9,803.0,829.7,791.0,791.95,795.6,801.98,11363,91.13,844, 5275, 46.42
GOPAL,EQ,10-Aug-2026,277.9,285.0,285.0,268.55,273.5,273.6,275.02,363827,1000.6,6604, 177508, 48.79
GOYALALUM,EQ,10-Aug-2026,6.43,6.57,6.57,6.21,6.48,6.45,6.4,58475,3.74,307, 45715, 78.18
GOYALSALT,SM,10-Aug-2026,112.0,115.25,115.25,115.0,115.0,115.0,115.02,7200,8.28,3, 7200, 100.00
GPECO,ST,10-Aug-2026,402.35,402.35,402.35,389.0,401.9,396.4,396.28,20800,82.43,77, 20400, 98.08
GPIL,EQ,10-Aug-2026,240.61,236.0,240.75,232.0,236.5,237.15,236.33,1767905,4178.17,29482, 759050, 42.93
GPPL,EQ,10-Aug-2026,151.63,151.8,151.8,150.05,150.38,150.38,150.5,645937,972.16,9396, 412246, 63.82
GPTHEALTH,EQ,10-Aug-2026,159.44,159.44,160.59,156.61,157.15,157.14,158.68,87297,138.52,1646, 58171, 66.64
GPTINFRA,EQ,10-Aug-2026,115.79,115.65,115.66,114.14,114.95,114.82,114.88,53612,61.59,1203, 33228, 61.98
GRADIENTE,BE,10-Aug-2026,2.59,2.59,2.68,2.47,2.47,2.47,2.5,360218,9.02,262, -, -
GRANDOAK,EQ,10-Aug-2026,41.1,41.15,43.14,41.15,42.98,42.93,42.92,6943,2.98,66, 4998, 71.99
GRANULES,EQ,10-Aug-2026,873.85,874.9,877.5,850.0,855.0,855.15,862.25,759536,6549.1,26928, 409469, 53.91
GRAPHISAD,SM,10-Aug-2026,28.5,27.55,28.9,27.1,27.15,27.15,27.18,90000,24.47,63, 70800, 78.67
GRAPHITE,EQ,10-Aug-2026,709.95,710.0,726.5,705.5,724.95,722.9,718.25,966513,6941.98,27613, 405228, 41.93
GRASIM,EQ,10-Aug-2026,3323.0,3324.0,3411.1,3290.2,3380.5,3380.5,3383.04,2568033,86877.7,84438, 1620979, 63.12
GRAUWEIL,EQ,10-Aug-2026,69.97,69.97,70.87,67.01,67.91,67.6,68.28,212903,145.37,1990, 152855, 71.80
GRAVISSHO,EQ,10-Aug-2026,31.08,31.08,31.2,29.5,31.0,29.92,30.0,925,0.28,20, 763, 82.49
GRAVITA,EQ,10-Aug-2026,1732.1,1746.0,1793.1,1737.0,1783.0,1783.5,1771.5,283229,5017.41,24048, 151965, 53.65
GRCL,ST,10-Aug-2026,524.95,501.05,505.0,498.75,499.0,499.0,499.93,5500,27.5,19, 5500, 100.00
GREAVESCOT,EQ,10-Aug-2026,198.85,199.02,200.19,194.34,195.0,195.08,196.97,989927,1949.84,12540, 464528, 46.93
GREENCHEF,SM,10-Aug-2026,51.75,50.5,50.5,49.8,49.9,49.9,50.02,12000,6.0,12, 11200, 93.33
GREENLAM,EQ,10-Aug-2026,273.7,275.6,276.65,237.7,243.0,242.65,247.19,1408205,3480.96,30039, 517165, 36.73
GREENLEAF,ST,10-Aug-2026,113.0,113.0,113.0,113.0,113.0,113.0,113.0,1000,1.13,1, 1000, 100.00
GREENPANEL,EQ,10-Aug-2026,192.25,192.03,195.1,188.21,189.0,190.06,191.18,180101,344.32,4810, 87266, 48.45
GREENPLY,EQ,10-Aug-2026,286.35,286.35,289.55,281.2,282.95,282.7,285.01,51103,145.65,2238, 33043, 64.66
GREENPOWER,EQ,10-Aug-2026,9.82,9.82,9.88,9.76,9.81,9.79,9.81,1704035,167.24,3225, 943250, 55.35
GRINDWELL,EQ,10-Aug-2026,2133.8,2120.0,2126.8,2091.1,2110.0,2116.5,2112.09,11840,250.07,2891, 7133, 60.24
GRINFRA,EQ,10-Aug-2026,870.7,883.3,888.35,853.95,886.85,885.2,876.21,64340,563.76,4998, 27710, 43.07
GRMOVER,EQ,10-Aug-2026,90.33,90.55,91.23,89.11,90.62,90.55,90.07,1052168,947.71,7554, 273554, 26.00
GROBTEA,EQ,10-Aug-2026,900.0,903.1,919.0,886.0,886.0,900.3,903.66,171,1.55,30, 97, 56.73
GROWW,EQ,10-Aug-2026,190.5,191.0,194.3,188.81,193.13,193.34,191.88,19981042,38340.4,93749, 8014195, 40.11
GROWWCAPM,EQ,10-Aug-2026,10.97,10.97,11.21,10.92,11.11,11.17,11.12,656045,72.94,1493, 280028, 42.68
GROWWCHEM,EQ,10-Aug-2026,30.75,31.09,31.09,30.52,30.95,30.79,30.7,57130,17.54,356, 37086, 64.92
GROWWDEFNC,EQ,10-Aug-2026,97.22,98.62,98.62,96.04,97.0,96.62,96.93,347734,337.07,3904, 228826, 65.80
GROWWEV,EQ,10-Aug-2026,34.05,34.05,34.37,33.82,34.28,34.2,34.22,1031795,353.09,3485, 794905, 77.04
GROWWGOLD,EQ,10-Aug-2026,14.57,14.69,14.79,14.53,14.75,14.71,14.71,3584222,527.31,6804, 1603047, 44.73
GROWWHOSPI,EQ,10-Aug-2026,54.57,54.84,55.09,54.3,54.71,54.47,54.58,350107,191.08,1949, 232909, 66.53
GROWWLIQID,EQ,10-Aug-2026,110.26,110.38,110.38,110.26,110.27,110.27,110.27,227856,251.26,291, 178084, 78.16
GROWWLOVOL,EQ,10-Aug-2026,10.71,10.7,10.9,10.53,10.67,10.66,10.66,12041,1.28,186, 10108, 83.95
GROWWMC150,EQ,10-Aug-2026,229.9,239.97,239.97,230.1,236.35,236.35,236.75,7668,18.15,58, 6318, 82.39
GROWWMETAL,EQ,10-Aug-2026,12.5,12.35,12.79,12.35,12.48,12.55,12.6,635208,80.03,2182, 327334, 51.53
GROWWMOM50,EQ,10-Aug-2026,10.85,10.95,11.02,10.74,11.01,11.01,10.99,404111,44.39,694, 382135, 94.56
GROWWN200,EQ,10-Aug-2026,11.57,11.62,11.77,11.48,11.61,11.58,11.56,82462,9.54,382, 54784, 66.44
GROWWNET,EQ,10-Aug-2026,10.28,10.33,10.45,10.09,10.39,10.41,10.37,1091954,113.28,1179, 824951, 75.55
GROWWNIFTY,EQ,10-Aug-2026,9.92,9.92,10.27,9.87,9.96,9.93,9.96,980608,97.67,9395, 661245, 67.43
GROWWNXT50,EQ,10-Aug-2026,74.9,74.3,75.41,74.3,75.07,75.25,75.14,9582,7.2,152, 4388, 45.79
GROWWPOWER,EQ,10-Aug-2026,11.54,11.82,11.82,11.5,11.57,11.56,11.53,1194667,137.78,3045, 747212, 62.55
GROWWPSE,EQ,10-Aug-2026,99.69,101.18,101.18,97.7,100.24,99.19,99.16,5592,5.54,81, 5280, 94.42
GROWWPSUBK,EQ,10-Aug-2026,88.41,88.41,89.0,86.24,87.11,86.99,87.26,24729,21.58,163, 13112, 53.02
GROWWRAIL,EQ,10-Aug-2026,29.52,29.51,29.69,29.27,29.39,29.34,29.4,2917004,857.61,3022, 2720591, 93.27
GROWWRLTY,EQ,10-Aug-2026,9.93,9.91,10.14,9.84,10.13,10.1,9.92,699933,69.43,649, 640865, 91.56
GROWWSC250,EQ,10-Aug-2026,10.69,10.9,10.95,10.51,10.6,10.56,10.63,432164,45.96,913, 395447, 91.50
GROWWSLVR,EQ,10-Aug-2026,22.21,22.39,22.77,22.39,22.61,22.6,22.57,2354100,531.24,3649, 599041, 25.45
GRPLTD,EQ,10-Aug-2026,2003.5,2017.1,2042.3,1970.0,1972.0,1981.7,1995.7,1642,32.77,363, 971, 59.14
GRSE,EQ,10-Aug-2026,2599.0,2593.0,2597.7,2553.5,2593.0,2586.9,2579.59,307551,7933.55,20830, 97787, 31.80
GRWRHITECH,EQ,10-Aug-2026,6973.0,6969.0,7133.0,6780.5,7005.0,7001.0,6987.36,128567,8983.44,26548, 64090, 49.85
GSEC10ABSL,EQ,10-Aug-2026,113.27,113.27,113.27,113.27,113.27,113.27,113.27,25,0.03,1, 25, 100.00
GSEC10IETF,EQ,10-Aug-2026,265.0,266.32,267.11,264.27,267.11,267.11,265.59,188,0.5,9, 96, 51.06
GSEC10YEAR,EQ,10-Aug-2026,30.65,30.71,30.71,30.42,30.42,30.42,30.58,2942,0.9,27, 2370, 80.56
GSEC5IETF,EQ,10-Aug-2026,66.5,66.89,66.89,66.25,66.77,66.77,66.66,1271,0.85,46, 830, 65.30
GSFC,EQ,10-Aug-2026,161.22,161.26,162.65,160.41,161.58,161.65,161.87,294438,476.61,5062, 152363, 51.75
GSLSU,EQ,10-Aug-2026,28.04,29.1,29.1,26.64,27.0,26.81,27.18,205804,55.94,1115, 154066, 74.86
GSMFOILS,SM,10-Aug-2026,126.1,119.8,119.8,119.8,119.8,119.8,119.8,52500,62.9,45, 52500, 100.00
GSPCROP,EQ,10-Aug-2026,597.5,599.85,607.8,592.35,598.0,595.0,599.07,294005,1761.29,3804, 66100, 22.48
GSS,EQ,10-Aug-2026,14.01,14.6,14.6,13.25,13.3,13.34,13.58,49610,6.74,309, 36458, 73.49
GSTL,SM,10-Aug-2026,16.0,15.3,15.3,15.2,15.2,15.2,15.27,3000,0.46,3, 3000, 100.00
GTECJAINX,BE,10-Aug-2026,31.54,33.1,33.1,30.25,30.6,31.13,32.16,4981,1.6,73, -, -
GTL,EQ,10-Aug-2026,7.82,7.94,8.0,7.6,7.71,7.67,7.79,404836,31.52,923, 271876, 67.16
GTLINFRA,EQ,10-Aug-2026,1.24,1.24,1.26,1.23,1.25,1.24,1.24,31524287,392.13,11790, 11674464, 37.03
GTPL,EQ,10-Aug-2026,59.79,59.3,60.0,58.77,59.0,59.02,59.33,24063,14.28,384, 15151, 62.96
GUFICBIO,EQ,10-Aug-2026,421.4,422.0,435.8,420.65,434.0,433.0,429.94,168401,724.02,5801, 102492, 60.86
GUJALKALI,EQ,10-Aug-2026,674.0,678.0,686.85,674.55,681.5,682.65,681.34,43051,293.32,3077, 20914, 48.58
GUJAPOLLO,EQ,10-Aug-2026,367.75,362.2,367.0,357.2,357.2,357.9,364.07,3282,11.95,164, 2689, 81.93
GUJENERGY,EQ,10-Aug-2026,265.3,266.4,267.8,262.0,265.5,265.45,264.6,571147,1511.23,22061, 317579, 55.60
GUJRAFFIA,EQ,10-Aug-2026,40.28,39.4,40.9,39.02,39.8,39.71,40.05,562,0.23,61, 357, 63.52
GUJTHEM,EQ,10-Aug-2026,355.95,357.0,377.5,357.0,369.4,367.55,366.71,97843,358.8,2685, 47681, 48.73
GULFOILLUB,EQ,10-Aug-2026,1189.5,1196.2,1201.0,1175.0,1180.0,1177.4,1188.77,52089,619.22,4658, 27818, 53.40
GULFPETRO,BE,10-Aug-2026,56.73,57.0,59.56,57.0,59.56,59.5,59.02,472181,278.7,1366, -, -
GULPOLY,EQ,10-Aug-2026,204.87,209.0,211.92,200.0,200.8,201.21,203.12,535345,1087.39,7333, 257437, 48.09
GURUNANAK,SM,10-Aug-2026,40.0,41.75,42.0,40.0,40.9,40.9,41.56,24000,9.97,14, 24000, 100.00
GVKPIL,BE,10-Aug-2026,2.37,2.38,2.41,2.33,2.37,2.35,2.36,922669,21.77,931, -, -
GVPIL,EQ,10-Aug-2026,762.9,766.65,777.0,740.25,748.65,749.3,750.31,162756,1221.18,8598, 85899, 52.78
GVPTECH,EQ,10-Aug-2026,6.94,7.05,7.14,6.97,6.99,7.0,7.04,70992,5.0,379, 51587, 72.67
GVT&D,EQ,10-Aug-2026,4299.0,4299.0,4360.7,4134.0,4330.0,4330.0,4247.8,1531594,65059.06,114647, 705480, 46.06
GYFTR,EQ,10-Aug-2026,164.3,160.0,166.79,158.11,158.5,159.41,163.59,64734,105.9,1998, 20364, 31.46
HAL,EQ,10-Aug-2026,4910.0,4910.0,4960.0,4895.4,4928.0,4928.0,4929.44,589472,29057.66,44520, 261525, 44.37
HALDER,EQ,10-Aug-2026,261.44,256.0,274.0,254.81,260.0,263.63,267.52,31849,85.2,444, 9700, 30.46
HALDYNGL,BE,10-Aug-2026,130.58,131.23,132.0,128.02,129.06,130.71,130.1,16322,21.24,127, -, -
HALEOSLABS,EQ,10-Aug-2026,1457.4,1464.0,1464.0,1395.1,1432.1,1432.3,1422.03,1131,16.08,142, 830, 73.39
HAPPSTMNDS,EQ,10-Aug-2026,407.7,407.05,409.35,400.55,401.5,401.8,404.41,657461,2658.85,17701, 289225, 43.99
HAPPY,SM,10-Aug-2026,65.6,66.6,67.85,66.0,67.0,67.0,66.78,110000,73.46,33, 98000, 89.09
HAPPYFORGE,EQ,10-Aug-2026,1906.2,1893.9,1945.9,1878.6,1926.5,1926.0,1923.98,116487,2241.18,11808, 67175, 57.67
HARDWYN,EQ,10-Aug-2026,11.26,11.3,11.36,11.0,11.29,11.26,11.25,2126233,239.16,1358, 1417957, 66.69
HARIOMPIPE,EQ,10-Aug-2026,398.9,399.9,407.1,398.4,399.3,400.3,401.45,117976,473.61,3120, 60874, 51.60
HARRMALAYA,EQ,10-Aug-2026,222.53,222.08,226.95,222.0,222.0,223.39,223.76,19158,42.87,523, 13741, 71.72
HARSHA,EQ,10-Aug-2026,426.4,432.0,435.0,420.0,434.0,432.6,427.97,424591,1817.11,13103, 200919, 47.32
HATHWAY,EQ,10-Aug-2026,10.91,10.85,10.88,10.7,10.83,10.81,10.8,1404817,151.66,2180, 829501, 59.05
HATSUN,EQ,10-Aug-2026,941.1,932.0,957.05,927.0,950.05,952.9,950.03,54435,517.15,4145, 33888, 62.25
HAVELLS,EQ,10-Aug-2026,1288.0,1285.0,1287.4,1273.7,1285.0,1285.0,1282.34,327152,4195.19,21368, 173802, 53.13
HAVISHA,EQ,10-Aug-2026,1.46,1.51,1.51,1.32,1.43,1.4,1.41,108488,1.53,265, 79477, 73.26
HAWKINCOOK,EQ,10-Aug-2026,8398.5,8439.5,8640.0,8304.0,8304.0,8382.5,8433.56,1238,104.41,485, 792, 63.97
HBESD,EQ,10-Aug-2026,78.52,78.52,78.91,75.0,75.0,75.04,75.75,2294,1.74,29, 1480, 64.52
HBLENGINE,EQ,10-Aug-2026,727.1,707.7,709.7,690.7,697.0,694.55,699.71,1947572,13627.35,64152, 854651, 43.88
HBSL,EQ,10-Aug-2026,56.54,58.0,59.8,57.13,57.9,58.17,58.51,6110,3.57,86, 5716, 93.55
HCC,EQ,10-Aug-2026,20.52,20.5,20.73,20.06,20.24,20.18,20.34,23846062,4850.34,27658, 9807861, 41.13
HCG,EQ,10-Aug-2026,675.85,681.95,719.05,672.35,715.8,715.65,705.7,515232,3635.97,23185, 220368, 42.77
HCL-INSYS,EQ,10-Aug-2026,11.48,11.59,11.67,11.35,11.41,11.42,11.48,157437,18.08,666, 103952, 66.03
HCLTECH,EQ,10-Aug-2026,1356.6,1356.6,1367.5,1351.6,1357.2,1357.2,1358.42,1321698,17954.24,60911, 774534, 58.60
HDBFS,EQ,10-Aug-2026,665.65,665.0,678.0,657.0,678.0,676.4,665.91,554174,3690.29,25952, 291184, 52.54
HDFCAMC,EQ,10-Aug-2026,2545.0,2545.0,2574.9,2525.6,2560.0,2560.0,2553.32,389795,9952.71,30455, 189541, 48.63
HDFCBANK,EQ,10-Aug-2026,731.0,731.5,737.55,728.5,731.0,731.0,732.79,23660590,173383.18,375251, 15810637, 66.82
HDFCBSE500,EQ,10-Aug-2026,38.1,38.1,38.59,37.87,38.34,38.24,38.31,1473813,564.55,298, 1383837, 93.90
HDFCGOLD,EQ,10-Aug-2026,127.45,128.4,129.11,127.46,128.83,128.77,128.64,3628918,4668.4,14241, 2120059, 58.42
HDFCGROWTH,EQ,10-Aug-2026,123.36,123.36,127.5,123.36,125.41,124.87,124.57,106904,133.18,456, 56169, 52.54
HDFCLIFE,EQ,10-Aug-2026,540.0,540.0,541.8,531.05,540.0,540.0,536.85,4001242,21480.86,66741, 2208945, 55.21
HDFCLIQUID,EQ,10-Aug-2026,1072.9,1073.05,1073.05,1073.03,1073.05,1073.05,1073.04,35651,382.55,43, 20705, 58.08
HDFCLOWVOL,EQ,10-Aug-2026,21.3,21.4,21.54,21.23,21.34,21.25,21.35,5862,1.25,123, 3986, 68.00
HDFCMID150,EQ,10-Aug-2026,23.69,23.69,23.83,23.61,23.74,23.72,23.75,414610,98.46,1915, 292511, 70.55
HDFCMOMENT,EQ,10-Aug-2026,31.24,31.38,31.62,31.11,31.3,31.32,31.41,214598,67.4,799, 176756, 82.37
HDFCNEXT50,EQ,10-Aug-2026,75.99,77.51,77.51,76.1,76.22,76.22,76.35,476619,363.91,934, 401877, 84.32
HDFCNIF100,EQ,10-Aug-2026,26.56,27.22,27.22,26.31,26.8,26.74,26.65,44188,11.78,443, 31507, 71.30
HDFCNIFBAN,EQ,10-Aug-2026,59.5,59.7,59.76,59.26,59.3,59.37,59.41,92560,54.99,572, 53786, 58.11
HDFCNIFIT,EQ,10-Aug-2026,33.66,33.96,34.14,33.71,33.71,33.77,33.94,231823,78.67,502, 110854, 47.82
HDFCNIFTY,EQ,10-Aug-2026,277.35,284.28,284.28,276.1,276.92,277.75,277.55,133557,370.69,1358, 93966, 70.36
HDFCNIMEG,EQ,10-Aug-2026,131.8,132.0,132.77,131.77,132.7,132.14,132.36,12415,16.43,79, 7746, 62.39
HDFCPSUBK,EQ,10-Aug-2026,88.63,89.07,89.39,87.15,87.75,87.41,88.37,245456,216.91,570, 154221, 62.83
HDFCPVTBAN,EQ,10-Aug-2026,27.92,28.03,28.2,27.87,27.94,28.08,28.04,478204,134.07,1022, 378445, 79.14
HDFCQUAL,EQ,10-Aug-2026,59.8,59.8,60.41,59.8,60.16,60.19,60.22,57969,34.91,182, 29777, 51.37
HDFCSENSEX,EQ,10-Aug-2026,88.98,88.78,89.61,88.6,88.6,88.9,89.11,26684,23.78,754, 19398, 72.70
HDFCSILVER,EQ,10-Aug-2026,220.43,220.43,221.53,218.95,220.82,220.69,220.49,3694321,8145.59,15825, 1329718, 35.99
HDFCSML250,EQ,10-Aug-2026,184.89,186.85,189.51,184.1,184.7,184.64,185.14,1363113,2523.67,12319, 796337, 58.42
HDFCVALUE,EQ,10-Aug-2026,128.25,128.9,128.99,128.35,128.9,128.65,128.61,3024,3.89,103, 1673, 55.32
HDIL,BZ,10-Aug-2026,1.57,1.57,1.59,1.56,1.57,1.56,1.57,103151,1.62,164, -, -
HEADSUP,EQ,10-Aug-2026,6.99,7.1,7.25,6.8,7.22,7.02,7.11,12972,0.92,85, 10724, 82.67
HEALTHADD,EQ,10-Aug-2026,16.88,16.75,17.17,16.45,16.75,16.83,16.85,38086,6.42,155, 23578, 61.91
HEALTHAXIS,EQ,10-Aug-2026,169.44,170.93,171.35,169.01,170.44,169.57,170.04,8608,14.64,100, 6622, 76.93
HEALTHCARE,EQ,10-Aug-2026,21.77,22.21,22.21,21.64,21.75,21.7,21.79,53128,11.58,240, 52879, 99.53
HEALTHIETF,EQ,10-Aug-2026,171.26,171.26,172.72,170.68,170.83,171.01,171.3,106362,182.19,2373, 60812, 57.17
HEALTHX,EQ,10-Aug-2026,306.65,304.1,315.6,301.65,301.7,303.2,310.39,18274,56.72,338, 14735, 80.63
HEALTHY,EQ,10-Aug-2026,17.24,17.67,17.67,17.11,17.25,17.14,17.17,416724,71.54,1737, 272772, 65.46
HECPROJECT,EQ,10-Aug-2026,132.75,133.72,137.6,133.48,135.2,134.94,135.36,7018,9.5,190, 5129, 73.08
HEG,EQ,10-Aug-2026,674.0,672.0,690.05,668.0,685.4,683.6,684.13,900007,6157.19,20788, 372847, 41.43
HEIDELBERG,EQ,10-Aug-2026,156.27,155.46,156.87,154.95,155.07,155.22,155.76,40366,62.88,1068, 22687, 56.20
HEMIPROP,EQ,10-Aug-2026,138.04,138.25,139.22,136.5,137.05,136.91,137.77,236228,325.45,1616, 156135, 66.10
HERANBA,EQ,10-Aug-2026,178.78,177.9,180.0,175.91,177.0,176.61,177.74,29410,52.27,934, 22266, 75.71
HERITGFOOD,EQ,10-Aug-2026,361.8,362.15,365.7,352.7,362.1,362.05,359.87,390777,1406.3,10763, 139091, 35.59
HEROMOTOCO,EQ,10-Aug-2026,5725.0,5765.0,5933.0,5756.5,5860.0,5860.0,5877.44,990018,58187.72,89622, 435754, 44.01
HESTERBIO,EQ,10-Aug-2026,2417.9,2401.5,2519.8,2399.1,2499.9,2493.8,2454.75,11921,292.63,1623, 4691, 39.35
HEXAGON,BE,10-Aug-2026,64.15,64.51,64.99,61.82,63.75,64.07,63.36,312379,197.91,824, -, -
HEXATRADEX,EQ,10-Aug-2026,163.32,163.32,163.8,158.1,160.9,159.22,160.08,1342,2.15,68, 910, 67.81
HEXT,EQ,10-Aug-2026,564.6,565.45,571.9,557.55,571.3,570.3,568.18,298937,1698.49,10636, 176982, 59.20
HFCL,EQ,10-Aug-2026,207.98,209.0,216.6,207.83,212.2,212.97,213.75,19215795,41073.34,95907, 9088936, 47.30
HGINFRA,EQ,10-Aug-2026,549.15,548.15,558.0,544.0,554.2,553.95,551.4,39765,219.26,2747, 19926, 50.11
HGM,EQ,10-Aug-2026,48.22,48.22,49.5,47.0,48.9,48.25,48.2,3941,1.9,143, 3453, 87.62
HGS,EQ,10-Aug-2026,428.4,425.0,425.0,412.0,413.0,412.5,414.8,55919,231.95,2436, 33346, 59.63
HIGREEN,SM,10-Aug-2026,138.95,141.0,141.0,137.75,139.0,139.45,139.35,25600,35.67,32, 22400, 87.50
HIKAL,EQ,10-Aug-2026,227.14,226.35,227.7,222.0,222.35,224.72,224.29,239393,536.94,6035, 109603, 45.78
HILINFRA,EQ,10-Aug-2026,45.01,46.01,46.01,43.81,44.85,45.11,45.01,87978,39.6,948, 55337, 62.90
HILTON,BE,10-Aug-2026,21.41,21.46,21.95,21.03,21.1,21.12,21.35,69823,14.91,194, -, -
HIMATSEIDE,EQ,10-Aug-2026,80.69,80.72,80.81,79.0,79.3,79.14,79.61,391874,311.96,2512, 258324, 65.92
HINDALCO,EQ,10-Aug-2026,1059.6,1065.0,1068.35,1040.45,1054.05,1054.05,1052.23,7055761,74242.74,133328, 3426255, 48.56
HINDCOMPOS,EQ,10-Aug-2026,424.0,435.0,435.0,415.1,415.5,418.2,420.07,5142,21.6,364, 3314, 64.45
HINDCON,EQ,10-Aug-2026,22.5,22.9,22.9,22.06,22.28,22.16,22.24,12394,2.76,145, 9404, 75.88
HINDCOPPER,EQ,10-Aug-2026,536.1,537.95,552.0,522.0,525.5,526.25,538.33,12427899,66902.6,151592, 3486029, 28.05
HINDOILEXP,EQ,10-Aug-2026,155.74,155.73,164.9,155.67,164.02,163.84,162.11,1138196,1845.08,11613, 597870, 52.53
HINDPETRO,EQ,10-Aug-2026,393.05,395.0,396.4,391.15,393.15,393.15,393.08,6272362,24655.4,59361, 3881047, 61.88
HINDUNILVR,EQ,10-Aug-2026,2096.0,2096.0,2097.0,2076.0,2087.2,2087.2,2085.67,1118008,23317.97,50686, 674387, 60.32
HINDWAREAP,EQ,10-Aug-2026,221.04,220.11,223.0,212.0,216.0,214.84,217.29,136837,297.34,2425, 103624, 75.73
HINDZINC,EQ,10-Aug-2026,603.0,606.0,608.4,593.05,595.15,595.15,600.35,5105932,30653.28,64904, 2377819, 46.57
HIRECT,EQ,10-Aug-2026,1310.2,1310.9,1336.9,1290.0,1295.5,1293.0,1310.46,64040,839.22,6073, 32789, 51.20
HISARMETAL,EQ,10-Aug-2026,152.02,164.9,166.9,154.11,159.2,161.62,161.8,10125,16.38,345, 6215, 61.38
HITECH,EQ,10-Aug-2026,83.92,84.06,85.3,83.51,84.0,83.93,84.44,447638,377.98,3152, 268680, 60.02
HITECHCORP,BE,10-Aug-2026,322.3,320.4,325.2,315.0,323.0,323.0,322.3,11864,38.24,112, -, -
HITECHGEAR,BE,10-Aug-2026,560.45,550.3,570.9,550.3,555.0,563.75,557.56,2330,12.99,54, -, -
HLEGLAS,EQ,10-Aug-2026,467.05,474.05,476.85,461.0,476.5,474.5,471.12,489047,2303.99,19968, 231590, 47.36
HLVLTD,EQ,10-Aug-2026,7.24,7.14,7.25,7.03,7.2,7.18,7.18,171779,12.33,469, 139850, 81.41
HMAAGRO,EQ,10-Aug-2026,22.23,24.05,24.05,21.49,22.4,22.09,22.55,3430222,773.5,6316, 1912940, 55.77
HMT,BZ,10-Aug-2026,60.31,60.31,61.85,60.0,60.5,60.4,60.69,19431,11.79,112, -, -
HMVL,BE,10-Aug-2026,98.67,96.99,98.0,93.74,93.8,93.87,94.72,42992,40.72,342, -, -
HNDFDS,EQ,10-Aug-2026,576.2,579.85,592.3,574.6,586.0,585.6,585.48,74720,437.47,6036, 40175, 53.77
HNGSNGBEES,EQ,10-Aug-2026,486.54,490.99,490.99,486.57,489.0,488.49,488.1,100333,489.72,5999, 72825, 72.58
HOACFOODS,ST,10-Aug-2026,729.95,748.0,766.4,736.0,766.4,766.4,755.61,12000,90.67,31, 11625, 96.88
HOLMARC,SM,10-Aug-2026,110.4,114.9,114.9,107.0,108.0,108.0,109.06,11250,12.27,14, 10500, 93.33
HOMEFIRST,EQ,10-Aug-2026,1193.8,1194.0,1199.6,1177.3,1184.0,1181.6,1187.32,80861,960.08,7552, 46625, 57.66
HONASA,EQ,10-Aug-2026,477.6,477.1,486.8,473.35,475.5,477.1,479.45,742993,3562.27,21315, 337720, 45.45
HONAUT,EQ,10-Aug-2026,37900.0,37985.0,38155.0,37670.0,38030.0,38035.0,37910.51,1848,700.59,1089, 1048, 56.71
HONDAPOWER,EQ,10-Aug-2026,2093.4,2108.7,2135.0,2093.7,2105.0,2104.4,2111.32,3849,81.26,601, 2138, 55.55
HPAL,EQ,10-Aug-2026,34.16,33.7,34.9,33.0,33.52,33.54,34.05,80811,27.52,1248, 53084, 65.69
HPIL,EQ,10-Aug-2026,129.45,130.09,130.09,125.01,126.05,126.05,125.76,357,0.45,26, 303, 84.87
HPL,EQ,10-Aug-2026,342.1,344.95,346.2,336.35,340.8,339.5,341.62,105895,361.76,3120, 53086, 50.13
HPTL,SM,10-Aug-2026,310.85,309.0,309.0,309.0,309.0,309.0,309.0,1200,3.71,2, 600, 50.00
HRHNEXT,SM,10-Aug-2026,25.65,24.45,25.25,24.4,25.25,25.25,24.64,10500,2.59,6, 7500, 71.43
HSBCGOLD,EQ,10-Aug-2026,130.48,130.48,133.7,129.05,130.22,130.31,131.05,25006,32.77,184, 14157, 56.61
HSCL,EQ,10-Aug-2026,752.65,753.05,779.8,752.0,770.65,772.05,769.86,3188066,24543.76,47981, 1244651, 39.04
HTMEDIA,EQ,10-Aug-2026,27.74,28.0,28.44,27.55,27.55,27.66,27.96,295021,82.5,935, 206011, 69.83
HUBTOWN,EQ,10-Aug-2026,175.11,175.0,179.7,173.5,179.7,178.74,177.79,306108,544.24,3910, 195249, 63.78
HUDCO,EQ,10-Aug-2026,201.04,201.04,202.5,199.02,199.02,199.61,200.45,1555950,3118.86,18282, 760531, 48.88
HUHTAMAKI,EQ,10-Aug-2026,274.95,275.35,287.0,274.8,284.55,284.7,283.53,222095,629.7,5098, 114273, 51.45
HVAX,SM,10-Aug-2026,620.0,602.0,606.0,602.0,605.0,605.5,603.8,750,4.53,4, 750, 100.00
HYBRIDETF,EQ,10-Aug-2026,10.12,10.13,10.2,10.13,10.18,10.18,10.18,8194,0.83,22, 8194, 100.00
HYBRIDFIN,BE,10-Aug-2026,17.73,17.81,18.1,16.85,16.85,16.91,17.01,24605,4.19,118, -, -
HYUNDAI,EQ,10-Aug-2026,2200.5,2193.7,2251.5,2193.7,2223.0,2223.0,2232.63,524344,11706.69,30692, 203132, 38.74
IBULLSLTD,BE,10-Aug-2026,29.43,29.43,29.5,28.16,28.72,28.8,28.94,3339555,966.55,5067, -, -
ICDSLTD,EQ,10-Aug-2026,42.02,42.23,43.7,41.01,41.15,41.15,41.7,1226,0.51,39, 660, 53.83
ICELCO,SM,10-Aug-2026,146.45,144.2,146.9,138.0,138.0,139.05,140.73,75600,106.39,57, 54000, 71.43
ICEMAKE,EQ,10-Aug-2026,820.2,820.2,837.0,814.0,817.0,817.45,825.92,29651,244.89,2324, 17053, 57.51
ICICIAMC,EQ,10-Aug-2026,3072.8,3070.1,3099.0,3038.0,3056.0,3054.2,3074.77,212452,6532.42,19138, 126155, 59.38
ICICIB22,EQ,10-Aug-2026,116.62,118.12,118.12,116.41,117.0,116.58,116.81,304011,355.13,4593, 227807, 74.93
ICICIBANK,EQ,10-Aug-2026,1421.0,1428.1,1441.9,1415.5,1431.8,1431.8,1426.2,12749354,181831.54,142995, 8608372, 67.52
ICICIGI,EQ,10-Aug-2026,1639.0,1639.0,1650.0,1608.8,1648.8,1648.8,1631.99,690097,11262.3,33517, 406809, 58.95
ICICIPRULI,EQ,10-Aug-2026,501.05,501.05,504.35,491.05,499.75,499.75,496.43,987482,4902.15,16396, 603192, 61.08
ICIL,EQ,10-Aug-2026,426.6,425.0,433.65,411.55,428.0,425.0,425.42,360945,1535.54,13154, 156029, 43.23
ICRA,EQ,10-Aug-2026,5092.4,5080.0,5149.0,5010.7,5092.5,5093.3,5099.45,42770,2181.04,6469, 30516, 71.35
IDBI,EQ,10-Aug-2026,84.22,84.11,84.35,82.55,82.73,83.0,83.5,2836319,2368.42,16253, 1624780, 57.28
IDEA,EQ,10-Aug-2026,12.73,12.92,13.07,12.77,12.92,12.92,12.91,413469644,53394.68,547937, 125589840, 30.37
IDEAFORGE,BE,10-Aug-2026,911.65,918.9,922.5,880.0,902.1,897.75,904.65,247343,2237.58,7823, -, -
IDEALTECHO,SM,10-Aug-2026,181.5,181.6,181.6,181.5,181.5,181.5,181.53,1500,2.72,3, 1500, 100.00
IDENTICAL,SM,10-Aug-2026,18.35,17.8,17.8,17.8,17.8,17.8,17.8,2000,0.36,1, 2000, 100.00
IDFCFIRSTB,EQ,10-Aug-2026,84.62,84.34,85.17,84.34,85.1,85.1,84.89,12170856,10331.7,52685, 8039913, 66.06
IDFNIFTYET,EQ,10-Aug-2026,272.01,265.2,276.8,265.2,276.8,272.97,271.62,942,2.56,65, 619, 65.71
IEML,SM,10-Aug-2026,43.95,44.6,45.0,43.4,43.4,43.4,44.1,54500,24.03,70, 45500, 83.49
IEX,EQ,10-Aug-2026,127.1,126.49,127.56,125.69,126.3,126.3,126.49,1878966,2376.76,22764, 830309, 44.19
IF3GPD,MF,10-Aug-2026,1.7,1.8,1.8,1.8,1.8,1.8,1.8,1,0.0,1, 1, 100.00
IFBAGRO,BE,10-Aug-2026,973.75,975.0,995.0,965.0,980.1,980.1,978.48,2477,24.24,104, -, -
IFBIND,EQ,10-Aug-2026,1404.4,1444.0,1444.0,1390.0,1401.2,1404.7,1414.07,63694,900.68,7795, 30388, 47.71
IFCI,EQ,10-Aug-2026,73.98,73.7,76.93,73.36,76.12,76.02,75.74,18598984,14087.11,54970, 4853030, 26.09
IFGLEXPOR,EQ,10-Aug-2026,227.1,231.0,237.0,224.45,225.32,225.3,229.6,171745,394.33,4114, 92186, 53.68
IGARASHI,EQ,10-Aug-2026,465.15,465.0,472.0,454.0,457.3,456.55,463.23,246071,1139.88,7991, 95865, 38.96
IGCL,EQ,10-Aug-2026,73.19,73.01,75.75,72.22,72.5,72.64,73.75,62039,45.76,663, 33748, 54.40
IGIL,EQ,10-Aug-2026,355.8,358.8,360.7,352.0,354.4,354.35,354.59,442242,1568.14,11067, 288209, 65.17
IGL,EQ,10-Aug-2026,151.94,152.0,153.4,151.21,152.3,152.15,152.35,1022955,1558.46,26572, 566121, 55.34
IGPL,EQ,10-Aug-2026,492.9,492.9,505.0,480.0,484.0,482.6,495.63,83315,412.94,3589, 40267, 48.33
IIFL,EQ,10-Aug-2026,611.75,614.4,627.0,612.95,625.95,625.9,622.43,1267266,7887.85,33794, 687119, 54.22
IIFLCAPS,EQ,10-Aug-2026,334.15,334.5,335.0,332.8,334.95,333.9,333.92,152505,509.24,8550, 111234, 72.94
IITL,EQ,10-Aug-2026,144.86,145.0,148.06,144.86,147.5,146.63,147.22,162718,239.55,752, 77872, 47.86
IKIO,EQ,10-Aug-2026,204.05,202.91,202.91,193.0,196.0,197.71,196.44,399434,784.66,6086, 177186, 44.36
IKS,EQ,10-Aug-2026,1737.7,1737.7,1767.5,1725.0,1732.0,1728.8,1739.8,354892,6174.4,22071, 249090, 70.19
IL&FSENGG,BZ,10-Aug-2026,36.86,36.15,36.15,35.5,35.5,35.5,35.81,7851,2.81,41, -, -
IL&FSTRANS,BZ,10-Aug-2026,2.06,2.02,2.12,2.02,2.1,2.09,2.08,36924,0.77,48, -, -
IMAGICAA,EQ,10-Aug-2026,52.14,52.5,52.84,48.66,49.19,49.1,50.27,1613482,811.12,8910, 850906, 52.74
IMFA,EQ,10-Aug-2026,1472.2,1472.6,1510.0,1442.0,1459.0,1459.3,1479.96,136727,2023.5,11513, 64157, 46.92
IMPAL,EQ,10-Aug-2026,1097.7,1115.9,1117.9,1080.0,1104.0,1087.1,1095.87,2216,24.28,329, 1538, 69.40
IMPEXFERRO,BZ,10-Aug-2026,3.17,3.32,3.32,3.23,3.32,3.32,3.32,485385,16.11,86, -, -
INA,EQ,10-Aug-2026,110.56,110.55,111.9,105.56,107.5,107.87,109.16,566527,618.4,4140, 308295, 54.42
INCREDIBLE,EQ,10-Aug-2026,32.51,32.5,34.49,32.05,33.96,33.97,33.85,4518,1.53,89, 3270, 72.38
INDBANK,EQ,10-Aug-2026,32.96,33.25,33.6,33.08,33.1,33.08,33.25,27078,9.0,212, 20969, 77.44
INDGN,EQ,10-Aug-2026,554.45,558.0,574.95,556.2,571.9,568.75,569.33,1362509,7757.17,38483, 763562, 56.04
INDHOTEL,EQ,10-Aug-2026,731.0,733.95,734.8,721.05,728.7,728.7,726.04,1905316,13833.37,31344, 1165622, 61.18
INDIACEM,EQ,10-Aug-2026,398.15,398.15,399.0,391.6,392.55,392.35,394.93,117136,462.61,7841, 51303, 43.80
INDIAGLYCO,EQ,10-Aug-2026,1143.6,1147.0,1148.6,1050.1,1083.0,1084.8,1088.38,340630,3707.34,21845, 177434, 52.09
INDIAMART,EQ,10-Aug-2026,1755.0,1766.0,1812.2,1755.0,1778.0,1782.7,1791.65,264184,4733.24,40954, 158676, 60.06
INDIANB,EQ,10-Aug-2026,889.5,889.5,901.8,880.0,884.15,884.15,887.53,2609542,23160.55,61850, 1377778, 52.80
INDIANCARD,EQ,10-Aug-2026,219.99,219.99,223.99,219.51,220.0,220.02,220.02,626,1.38,29, 370, 59.11
INDIANHUME,EQ,10-Aug-2026,392.1,395.0,396.05,386.4,390.0,388.75,391.3,21872,85.59,1192, 12491, 57.11
INDIASHLTR,EQ,10-Aug-2026,691.9,684.55,688.45,640.7,642.5,642.6,652.06,549154,3580.83,30137, 335791, 61.15
INDIGO,EQ,10-Aug-2026,5333.0,5305.0,5355.0,5297.0,5333.5,5333.5,5330.21,351196,18719.47,35215, 203180, 57.85
INDIGOPNTS,EQ,10-Aug-2026,1120.5,1155.0,1159.0,1130.1,1135.0,1141.2,1144.84,73023,836.0,9749, 38368, 52.54
INDIGRID,IV,10-Aug-2026,178.23,179.3,179.4,178.0,178.8,178.74,178.8,1034503,1849.66,5850, 946561, 91.50
INDIQUBE,EQ,10-Aug-2026,182.6,184.0,191.0,183.0,186.0,185.52,186.81,280615,524.23,4567, 128331, 45.73
INDNIPPON,EQ,10-Aug-2026,1166.0,1130.0,1163.0,1053.1,1126.0,1124.3,1126.89,167924,1892.32,12481, 70120, 41.76
INDOAMIN,BE,10-Aug-2026,130.72,134.0,134.6,131.0,132.98,131.26,132.1,40895,54.02,345, -, -
INDOBORAX,EQ,10-Aug-2026,400.4,402.8,454.8,398.2,430.0,429.5,436.59,1906893,8325.31,50869, 231134, 12.12
INDOCO,EQ,10-Aug-2026,221.73,223.0,223.0,217.43,219.35,221.41,220.38,88660,195.39,2091, 28074, 31.66
INDOFARM,EQ,10-Aug-2026,158.97,158.99,159.01,147.5,149.15,150.81,151.65,338460,513.28,6080, 148713, 43.94
INDOMIM,EQ,10-Aug-2026,867.35,871.35,872.6,821.2,826.85,830.1,843.52,1932140,16298.07,77778, 608914, 31.52
INDORAMA,EQ,10-Aug-2026,59.45,58.21,60.7,56.01,56.28,56.41,57.39,259836,149.13,2496, 171605, 66.04
INDOSTAR,EQ,10-Aug-2026,229.5,230.95,244.85,230.6,244.0,242.1,240.17,197556,474.48,3257, 115408, 58.42
INDOTECH,BE,10-Aug-2026,3792.6,3792.0,3825.0,3656.0,3814.0,3804.4,3771.46,14595,550.44,842, -, -
INDOTHAI,EQ,10-Aug-2026,99.59,94.62,94.62,94.62,94.62,94.62,94.62,381164,360.66,818, 381164, 100.00
INDOUS,EQ,10-Aug-2026,81.65,82.1,82.85,80.25,80.26,80.77,80.94,2392,1.94,158, 1635, 68.35
INDOWIND,EQ,10-Aug-2026,8.98,9.15,9.22,8.8,9.09,9.0,9.02,281808,25.42,1144, 180106, 63.91
INDPRUD,EQ,10-Aug-2026,6350.0,6550.0,6550.0,6350.0,6450.0,6449.0,6470.13,272,17.6,93, 222, 81.62
INDRAMEDCO,EQ,10-Aug-2026,380.65,388.0,393.15,382.05,390.0,390.75,388.61,547240,2126.62,10861, 230746, 42.17
INDSWFTLAB,EQ,10-Aug-2026,228.41,230.9,240.75,228.3,239.0,237.24,236.9,1031876,2444.48,14508, 505088, 48.95
INDTERRAIN,EQ,10-Aug-2026,31.7,31.11,32.69,31.11,31.9,31.91,31.8,15197,4.83,149, 10195, 67.09
INDUSINDBK,EQ,10-Aug-2026,1022.0,1022.0,1028.0,1012.0,1027.3,1027.3,1020.85,1042293,10640.29,31561, 485792, 46.61
INDUSINVIT,IV,10-Aug-2026,136.98,136.85,137.0,134.5,134.8,134.99,135.06,146479,197.83,2948, 127577, 87.10
INDUSTOWER,EQ,10-Aug-2026,386.0,374.0,377.15,363.5,368.0,368.0,370.35,9015128,33387.92,87905, 5318250, 58.99
INFINIUM,SM,10-Aug-2026,219.5,219.5,224.0,214.5,220.0,218.05,220.02,9500,20.9,19, 6500, 68.42
INFLUX,SM,10-Aug-2026,283.6,291.0,291.0,284.05,284.05,284.05,290.28,6600,19.16,11, 6600, 100.00
INFOBEAN,EQ,10-Aug-2026,167.84,167.03,168.99,161.8,166.8,162.92,163.94,208050,341.07,4109, 100991, 48.54
INFOLLION,SM,10-Aug-2026,161.15,161.05,161.05,160.0,160.0,160.0,160.04,11600,18.56,20, 11600, 100.00
INFOMEDIA,EQ,10-Aug-2026,5.31,5.35,5.58,5.21,5.53,5.51,5.48,30880,1.69,78, 23045, 74.63
INFRA,EQ,10-Aug-2026,12.25,12.5,12.5,12.21,12.28,12.27,12.27,44468,5.45,188, 36676, 82.48
INFRABEES,EQ,10-Aug-2026,982.84,982.84,986.79,978.55,982.6,980.6,980.81,11517,112.96,638, 6240, 54.18
INFRAIETF,EQ,10-Aug-2026,97.67,98.42,98.42,96.7,97.9,97.59,97.66,152739,149.16,3796, 74219, 48.59
INFY,EQ,10-Aug-2026,1175.1,1178.1,1195.0,1175.2,1183.0,1183.0,1185.17,9377001,111133.18,158965, 4963541, 52.93
INGERRAND,EQ,10-Aug-2026,4322.4,4322.4,4330.2,4255.0,4280.0,4271.9,4298.34,38447,1652.58,3948, 20476, 53.26
INNOMET,ST,10-Aug-2026,190.5,194.3,194.3,194.3,194.3,194.3,194.3,16800,32.64,14, 16800, 100.00
INNOVACAP,EQ,10-Aug-2026,944.5,940.2,991.4,940.2,964.05,966.1,968.87,63379,614.06,4904, 40012, 63.13
INNOVANA,EQ,10-Aug-2026,330.0,332.0,340.0,326.6,338.0,338.25,334.22,762,2.55,56, 699, 91.73
INNOVISION,EQ,10-Aug-2026,284.8,283.55,285.8,282.0,282.5,282.2,283.38,9172,25.99,611, 6620, 72.18
INOXGREEN,BE,10-Aug-2026,179.43,176.0,181.0,174.55,180.0,180.0,177.78,661658,1176.32,1870, -, -
INOXINDIA,EQ,10-Aug-2026,1954.7,1956.0,1993.8,1934.2,1980.0,1984.1,1973.54,142077,2803.95,21294, 71117, 50.06
INOXWIND,EQ,10-Aug-2026,78.0,75.49,77.0,73.21,73.5,73.5,74.65,53109150,39643.44,138155, 18830492, 35.46
INSECTICID,EQ,10-Aug-2026,647.7,646.35,653.65,629.9,649.5,649.8,645.51,11411,73.66,1251, 6126, 53.69
INSPIRISYS,BE,10-Aug-2026,100.04,97.0,104.01,96.0,103.99,103.2,101.59,14670,14.9,81, -, -
INSUREIETF,EQ,10-Aug-2026,15.52,15.67,15.76,15.33,15.6,15.49,15.51,3142732,487.37,379, 3102260, 98.71
INTELLECT,EQ,10-Aug-2026,721.35,721.9,729.8,716.0,728.5,727.85,724.86,208179,1509.01,15143, 111854, 53.73
INTENTECH,EQ,10-Aug-2026,83.39,85.06,85.06,79.1,80.7,79.95,81.53,31584,25.75,950, 21297, 67.43
INTERARCH,EQ,10-Aug-2026,1772.8,1812.0,1812.1,1692.2,1704.0,1697.0,1720.81,142704,2455.67,13402, 95210, 66.72
INTERNET,EQ,10-Aug-2026,13.86,13.44,14.12,13.44,14.05,14.02,14.03,164188,23.04,321, 114068, 69.47
INTLCONV,EQ,10-Aug-2026,74.84,75.7,77.06,72.65,74.0,74.63,75.0,152262,114.2,2684, 126053, 82.79
INVENTURE,EQ,10-Aug-2026,0.9,0.9,0.91,0.9,0.91,0.9,0.9,705047,6.37,353, 508485, 72.12
INVICTA,SM,10-Aug-2026,76.9,77.7,77.7,77.7,77.7,77.7,77.7,1600,1.24,1, 1600, 100.00
INVPRECQ,BE,10-Aug-2026,1133.4,1159.0,1159.0,1076.8,1150.0,1137.9,1114.97,7780,86.74,171, -, -
IOB,EQ,10-Aug-2026,34.26,34.35,34.35,33.81,33.92,33.88,33.99,2258377,767.7,12724, 1016022, 44.99
IOC,EQ,10-Aug-2026,143.38,143.0,143.01,141.5,142.0,142.0,142.01,4186115,5944.8,33409, 2167153, 51.77
IOLCP,EQ,10-Aug-2026,167.85,168.9,178.79,155.0,164.0,164.66,169.59,15141043,25677.73,143290, 3638787, 24.03
IONEXCHANG,EQ,10-Aug-2026,371.6,389.75,389.75,377.35,385.95,385.65,384.69,554722,2133.95,19127, 206821, 37.28
IPCALAB,EQ,10-Aug-2026,1735.8,1737.7,1745.0,1674.4,1690.0,1685.8,1695.64,239283,4057.39,23365, 130689, 54.62
IPHL,SM,10-Aug-2026,70.25,69.0,70.95,67.4,70.0,70.05,68.82,22800,15.69,18, 15600, 68.42
IPL,EQ,10-Aug-2026,145.29,145.19,146.49,143.01,143.7,143.71,144.0,119004,171.37,2356, 62497, 52.52
IRB,EQ,10-Aug-2026,19.68,19.68,19.68,19.47,19.52,19.52,19.55,7193623,1406.29,16234, 4000486, 55.61
IRBINVIT,IV,10-Aug-2026,64.2,64.52,65.0,63.8,64.25,64.1,64.05,4132160,2646.45,8965, 3872876, 93.73
IRCON,EQ,10-Aug-2026,131.25,131.25,131.43,129.28,130.47,130.01,130.16,936244,1218.65,11721, 376901, 40.26
IRCTC,EQ,10-Aug-2026,519.95,521.05,527.0,516.3,522.6,522.25,523.29,1232260,6448.35,30583, 638458, 51.81
IREDA,EQ,10-Aug-2026,119.8,119.8,120.79,118.53,120.0,120.0,119.46,6043852,7219.69,29875, 2164376, 35.81
IRFC,EQ,10-Aug-2026,88.75,89.17,89.17,88.0,88.5,88.5,88.46,6241241,5521.2,41431, 2684787, 43.02
IRIS,EQ,10-Aug-2026,257.45,248.1,249.52,231.97,238.44,238.2,240.38,87356,209.98,2381, 41919, 47.99
IRISDOREME,EQ,10-Aug-2026,54.52,55.0,56.25,54.41,56.19,55.77,55.21,7435135,4105.25,9675, 5082337, 68.36
IRMENERGY,EQ,10-Aug-2026,294.25,290.5,302.95,286.3,293.8,294.45,295.45,207254,612.33,7119, 94655, 45.67
ISFT,EQ,10-Aug-2026,77.9,77.9,79.5,77.05,78.95,78.65,77.89,8768,6.83,125, 7385, 84.23
ISGEC,EQ,10-Aug-2026,814.7,815.45,824.0,803.4,810.0,807.55,809.24,35601,288.1,3914, 22063, 61.97
ISHAN,SM,10-Aug-2026,0.45,0.5,0.5,0.5,0.5,0.5,0.5,240000,1.2,5, 240000, 100.00
ISHANCH,EQ,10-Aug-2026,49.54,49.43,50.49,48.21,48.35,48.56,49.42,99488,49.17,541, 24937, 25.07
IT,EQ,10-Aug-2026,34.87,34.88,35.47,34.87,35.02,35.06,35.27,510187,179.93,1343, 287206, 56.29
ITADD,EQ,10-Aug-2026,33.42,33.42,33.86,33.3,33.3,33.52,33.65,42039,14.15,138, 20211, 48.08
ITAXIS,EQ,10-Aug-2026,347.78,348.85,352.0,348.0,348.36,348.58,348.9,2586310,9023.72,342, 2583945, 99.91
ITBEES,EQ,10-Aug-2026,34.98,35.66,35.66,34.99,35.12,35.11,35.23,11894884,4190.82,20278, 6883838, 57.87
ITBETA,EQ,10-Aug-2026,331.88,333.54,336.3,330.0,330.0,331.33,334.17,2614,8.74,72, 2148, 82.17
ITC,EQ,10-Aug-2026,286.1,286.1,286.1,281.4,282.65,282.65,283.32,9347929,26484.87,142413, 5454183, 58.35
ITCHOTELS,EQ,10-Aug-2026,170.65,170.65,173.0,168.5,168.9,168.87,170.34,1547737,2636.41,20464, 839740, 54.26
ITDC,EQ,10-Aug-2026,701.75,705.95,708.55,691.15,694.9,695.7,698.41,113742,794.38,7476, 37349, 32.84
ITETF,EQ,10-Aug-2026,33.42,33.64,33.87,33.41,33.55,33.47,33.62,418764,140.8,949, 272023, 64.96
ITI,EQ,10-Aug-2026,282.4,282.1,296.25,280.5,283.8,286.0,290.25,1465018,4252.23,29994, 175907, 12.01
ITIETF,EQ,10-Aug-2026,34.88,35.75,35.75,35.0,35.0,35.1,35.26,661423,233.2,1764, 418970, 63.34
IVALUE,EQ,10-Aug-2026,273.95,273.95,287.2,271.85,277.85,278.9,279.45,571565,1597.26,12213, 322937, 56.50
IVC,EQ,10-Aug-2026,8.19,8.11,8.38,8.11,8.33,8.3,8.28,143891,11.92,746, 95701, 66.51
IVP,BE,10-Aug-2026,168.71,177.14,177.14,177.14,177.14,177.14,177.14,36109,63.96,132, -, -
IVZINGOLD,EQ,10-Aug-2026,129.6,129.8,131.55,129.75,130.8,130.85,130.6,16145,21.09,232, 9164, 56.76
IVZINNIFTY,EQ,10-Aug-2026,282.78,278.0,286.5,278.0,282.91,282.5,282.3,2702,7.63,68, 2522, 93.34
IWARE,ST,10-Aug-2026,471.0,471.0,475.0,471.0,475.0,475.0,473.03,4800,22.71,7, 4800, 100.00
IWP,EQ,10-Aug-2026,33.44,33.44,33.97,33.01,33.5,33.47,33.33,1881,0.63,39, 1607, 85.43
IXIGO,EQ,10-Aug-2026,176.25,176.25,183.99,174.1,182.0,182.2,180.49,1523941,2750.51,26343, 444904, 29.19
IZMO,EQ,10-Aug-2026,984.25,984.25,1009.0,965.0,982.1,977.5,984.12,74879,736.9,5999, 35939, 48.00
J&KBANK,EQ,10-Aug-2026,159.24,158.55,158.9,153.95,155.0,155.15,155.84,3028250,4719.11,31042, 1408225, 46.50
JAGRAN,EQ,10-Aug-2026,63.46,63.5,63.58,62.8,62.82,63.08,63.1,295270,186.31,7535, 181825, 61.58
JAGSNPHARM,EQ,10-Aug-2026,231.21,231.5,234.79,230.35,234.0,232.97,232.42,62980,146.38,2054, 27309, 43.36
JAIBALAJI,BE,10-Aug-2026,65.61,65.61,68.82,64.1,68.0,68.54,67.81,1083103,734.41,1856, -, -
JAICORPLTD,EQ,10-Aug-2026,103.74,103.77,103.95,102.37,103.08,103.17,103.2,172499,178.02,2141, 75189, 43.59
JAINAM,SM,10-Aug-2026,235.0,235.0,235.0,235.0,235.0,235.0,235.0,1000,2.35,2, 1000, 100.00
JAINIK,SM,10-Aug-2026,191.0,191.0,210.1,191.0,210.1,210.1,204.42,42000,85.86,35, 39600, 94.29
JAINREC,EQ,10-Aug-2026,308.4,310.0,310.0,301.5,302.25,302.3,304.75,1279699,3899.93,30607, 657914, 51.41
JAIPURKURT,EQ,10-Aug-2026,27.58,27.7,30.4,27.7,29.2,29.33,29.27,257373,75.32,785, 198099, 76.97
JALAN,ST,10-Aug-2026,1.7,1.7,1.75,1.65,1.65,1.65,1.7,21000,0.36,6, 21000, 100.00
JAMNAAUTO,EQ,10-Aug-2026,144.7,136.0,136.0,121.48,128.5,128.44,127.44,13646243,17390.5,90548, 4394804, 32.21
JARO,EQ,10-Aug-2026,458.2,451.0,471.9,450.1,455.75,456.8,459.14,82469,378.65,3898, 33984, 41.21
JASH,EQ,10-Aug-2026,498.1,496.0,515.0,496.0,509.5,506.45,508.61,132300,672.9,8171, 61081, 46.17
JAYAGROGN,EQ,10-Aug-2026,220.7,220.0,220.0,213.26,215.05,217.04,215.95,9581,20.69,517, 6958, 72.62
JAYBARMARU,EQ,10-Aug-2026,139.32,132.36,137.62,132.36,132.36,132.36,133.12,1068003,1421.71,4371, 747125, 69.96
JAYBEE,SM,10-Aug-2026,85.95,86.1,92.7,86.1,91.0,91.15,91.57,64000,58.6,111, 47000, 73.44
JAYESH,SM,10-Aug-2026,140.85,135.8,141.0,135.8,140.0,139.5,140.03,16000,22.4,8, 13000, 81.25
JAYKAY,EQ,10-Aug-2026,148.85,151.07,154.34,148.61,153.38,152.5,151.09,212765,321.46,4495, 101493, 47.70
JAYNECOIND,EQ,10-Aug-2026,92.37,92.37,92.69,90.26,91.31,91.49,91.54,3138158,2872.55,19372, 1519587, 48.42
JAYSREETEA,EQ,10-Aug-2026,87.02,87.11,88.0,85.5,85.5,85.8,86.47,26379,22.81,569, 14770, 55.99
JBMA,EQ,10-Aug-2026,648.65,650.0,650.0,637.0,639.95,639.35,643.8,172227,1108.8,8899, 78406, 45.52
JETFREIGHT,EQ,10-Aug-2026,23.05,23.05,23.15,22.3,22.3,22.46,22.7,81143,18.42,482, 53617, 66.08
JEYYAM,ST,10-Aug-2026,24.8,24.75,25.0,23.8,23.8,23.95,24.36,16000,3.9,8, 16000, 100.00
JFLLIFE,SM,10-Aug-2026,13.65,13.6,14.2,13.45,13.85,13.85,13.75,30000,4.13,5, 18000, 60.00
JGCHEM,EQ,10-Aug-2026,552.8,562.8,647.3,556.1,619.35,622.2,613.39,10811484,66316.58,218251, 1143217, 10.57
JHS,EQ,10-Aug-2026,7.83,7.97,8.09,7.85,7.97,7.92,7.96,28912,2.3,105, 25721, 88.96
JINDALPHOT,EQ,10-Aug-2026,1063.0,1079.9,1099.0,1051.1,1068.0,1059.9,1071.2,2771,29.68,290, 1454, 52.47
JINDALPOLY,EQ,10-Aug-2026,620.0,627.95,632.0,620.0,627.9,628.5,627.25,5120,32.12,613, 2940, 57.42
JINDALSAW,EQ,10-Aug-2026,271.4,271.4,280.0,271.0,277.35,279.05,277.55,2495974,6927.6,37909, 1170738, 46.91
JINDALSTEL,EQ,10-Aug-2026,1103.0,1107.6,1126.5,1100.0,1125.0,1125.0,1119.8,895998,10033.4,24774, 370377, 41.34
JINDRILL,EQ,10-Aug-2026,636.05,637.0,637.8,591.0,593.0,601.5,613.34,316814,1943.14,11199, 156562, 49.42
JINDWORLD,EQ,10-Aug-2026,38.93,38.9,38.98,36.55,37.0,37.26,38.0,4485780,1704.63,9396, 1497298, 33.38
JIOFIN,EQ,10-Aug-2026,256.8,256.8,257.85,253.55,254.0,254.0,255.77,9861960,25223.68,64893, 4202490, 42.61
JISLDVREQS,EQ,10-Aug-2026,23.47,23.47,24.99,19.6,21.0,20.8,22.25,630626,140.3,928, 288763, 45.79
JISLJALEQS,EQ,10-Aug-2026,30.91,30.92,31.34,27.1,28.38,28.3,28.82,9423381,2715.53,27118, 3323484, 35.27
JITFINFRA,EQ,10-Aug-2026,333.45,350.0,350.0,334.05,344.5,344.05,343.29,22245,76.36,861, 14477, 65.08
JIWANRAM,SM,10-Aug-2026,4.95,5.0,5.0,5.0,5.0,5.0,5.0,6000,0.3,1, 6000, 100.00
JKCEMENT,EQ,10-Aug-2026,5379.5,5381.0,5450.0,5370.0,5381.0,5387.5,5413.29,17379,940.78,4571, 8282, 47.66
JKIL,EQ,10-Aug-2026,498.9,507.0,508.95,495.2,501.0,498.65,504.01,146539,738.57,7853, 84257, 57.50
JKIPL,BE,10-Aug-2026,100.49,99.5,100.0,96.56,97.52,97.75,98.32,12028,11.83,112, -, -
JKLAKSHMI,EQ,10-Aug-2026,565.0,568.0,568.0,558.0,560.5,558.7,560.09,181815,1018.33,7698, 104466, 57.46
JKPAPER,EQ,10-Aug-2026,387.05,386.2,397.7,382.6,391.7,392.7,390.9,453034,1770.92,16551, 217757, 48.07
JKTYRE,EQ,10-Aug-2026,394.9,394.0,394.0,381.8,385.4,385.0,386.47,1487995,5750.6,30356, 782021, 52.56
JLHL,EQ,10-Aug-2026,320.2,320.2,326.8,317.2,322.0,320.0,322.02,81759,263.28,4375, 41086, 50.25
JMA,EQ,10-Aug-2026,88.41,89.5,89.5,86.3,87.77,87.08,87.57,5421,4.75,264, 3293, 60.75
JMFINANCIL,EQ,10-Aug-2026,127.46,128.0,128.74,126.01,127.21,127.21,127.12,2108328,2680.09,17719, 941777, 44.67
JNKINDIA,EQ,10-Aug-2026,403.0,400.1,417.0,397.3,417.0,413.35,406.41,279993,1137.92,7006, 141941, 50.69
JNPR,EQ,10-Aug-2026,250.22,251.0,253.0,236.0,237.9,239.16,243.71,2979498,7261.41,54360, 1284943, 43.13
JOCIL,BE,10-Aug-2026,147.0,153.5,153.5,147.15,148.2,148.2,150.04,3638,5.46,28, -, -
JPOLYINVST,EQ,10-Aug-2026,1066.2,1066.2,1074.2,1031.2,1044.0,1040.7,1052.69,6387,67.24,800, 2538, 39.74
JPPOWER,EQ,10-Aug-2026,17.94,18.01,18.1,17.76,17.82,17.8,17.88,34434687,6158.4,34395, 12949778, 37.61
JSFB,EQ,10-Aug-2026,549.4,547.0,551.65,538.0,538.65,539.75,542.95,245505,1332.97,7194, 130515, 53.16
JSL,EQ,10-Aug-2026,734.65,737.85,741.95,730.0,731.9,732.75,736.79,191977,1414.47,13291, 108233, 56.38
JSLL,EQ,10-Aug-2026,598.1,538.0,560.95,520.1,539.0,539.95,541.89,3722539,20172.23,112692, 1359152, 36.51
JSWCEMENT,EQ,10-Aug-2026,134.29,134.9,134.9,132.26,132.62,132.84,133.14,996321,1326.52,14971, 526604, 52.85
JSWDULUX,EQ,10-Aug-2026,3011.7,3044.9,3075.3,2975.6,3052.0,3055.3,3034.03,15843,480.68,5362, 8064, 50.90
JSWENERGY,EQ,10-Aug-2026,564.4,564.0,578.0,562.35,578.0,578.0,570.72,1950349,11131.12,34904, 851020, 43.63
JSWHL,EQ,10-Aug-2026,12025.0,12025.0,12148.0,11761.0,11840.0,11852.0,11867.83,2331,276.64,1205, 1100, 47.19
JSWINFRA,EQ,10-Aug-2026,335.75,340.0,343.75,335.5,341.4,342.0,341.44,4403432,15035.05,48278, 2920822, 66.33
JSWSTEEL,EQ,10-Aug-2026,1299.5,1299.5,1312.0,1295.0,1302.0,1302.0,1302.19,1520170,19795.5,52702, 889765, 58.53
JTEKTINDIA,EQ,10-Aug-2026,139.8,139.48,144.01,138.51,142.41,142.62,142.3,298785,425.17,4309, 151899, 50.84
JTLIND,EQ,10-Aug-2026,77.31,77.52,78.44,76.35,77.4,77.55,77.7,1748596,1358.65,11704, 749088, 42.84
JUBLCPL,EQ,10-Aug-2026,1852.8,1900.0,1945.4,1760.3,1799.9,1782.0,1803.74,12570,226.73,1396, 7735, 61.54
JUBLFOOD,EQ,10-Aug-2026,486.5,487.0,497.95,482.5,495.0,495.0,492.73,3352572,16519.17,65905, 1422432, 42.43
JUBLINGREA,EQ,10-Aug-2026,740.25,740.0,748.9,731.2,740.25,741.85,741.45,384565,2851.36,20010, 218811, 56.90
JUBLPHARMA,EQ,10-Aug-2026,932.0,929.05,970.3,928.5,960.0,962.7,957.44,357574,3423.56,29765, 200167, 55.98
JUNIORBEES,EQ,10-Aug-2026,807.63,813.5,813.5,791.48,809.96,809.0,808.95,255645,2068.03,11989, 173941, 68.04
JUNIPER,EQ,10-Aug-2026,194.85,194.13,197.9,193.5,195.8,196.13,195.82,308026,603.19,2657, 184756, 59.98
JUSTDIAL,EQ,10-Aug-2026,683.3,683.0,692.0,671.0,687.7,687.55,683.03,184644,1261.17,6393, 60308, 32.66
JWL,EQ,10-Aug-2026,260.0,261.5,262.5,257.0,257.6,257.4,258.57,417264,1078.93,10328, 176095, 42.20
JYOTHYLAB,EQ,10-Aug-2026,206.47,206.47,208.65,204.55,206.0,205.44,206.32,418488,863.44,10109, 219777, 52.52
JYOTICNC,EQ,10-Aug-2026,784.3,795.0,808.3,775.2,800.8,801.35,794.36,1826380,14507.94,49517, 742588, 40.66
JYOTIGLOBL,SM,10-Aug-2026,40.1,41.5,42.1,41.5,42.1,42.1,41.91,20000,8.38,10, 18000, 90.00
JYOTISTRUC,EQ,10-Aug-2026,11.44,11.45,11.7,11.28,11.65,11.64,11.54,4449142,513.37,4816, 2384575, 53.60
K2INFRA,ST,10-Aug-2026,53.75,53.0,53.0,51.25,52.7,52.7,52.51,17400,9.14,26, 15600, 89.66
KABRAEXTRU,EQ,10-Aug-2026,448.6,445.0,519.0,433.35,510.0,510.75,498.22,2087098,10398.33,51157, 482721, 23.13
KAJARIACER,EQ,10-Aug-2026,1167.3,1164.0,1207.8,1164.0,1183.0,1184.7,1190.07,205026,2439.95,14374, 115381, 56.28
KAKATCEM,BE,10-Aug-2026,118.45,116.0,118.4,114.0,114.0,114.09,115.01,4017,4.62,71, -, -
KALAMANDIR,EQ,10-Aug-2026,88.77,88.74,89.14,86.54,87.12,86.96,87.51,381504,333.84,3745, 247561, 64.89
KALPATARU,EQ,10-Aug-2026,287.1,286.3,291.85,284.05,286.0,287.2,288.47,37569,108.38,1169, 23068, 61.40
KALYANIFRG,EQ,10-Aug-2026,635.4,635.4,658.15,615.4,640.4,631.75,638.14,4344,27.72,316, 3228, 74.31
KALYANKJIL,EQ,10-Aug-2026,606.3,610.0,619.95,594.7,600.25,600.25,609.42,14754190,89915.67,131789, 2081177, 14.11
KAMAHOLD,EQ,10-Aug-2026,2506.7,2519.8,2521.0,2486.2,2501.0,2502.6,2504.96,1410,35.32,315, 953, 67.59
KAMATHOTEL,EQ,10-Aug-2026,170.8,174.58,174.58,165.25,167.8,167.26,167.29,53484,89.47,1513, 34363, 64.25
KAMDHENU,BE,10-Aug-2026,35.18,35.18,35.9,34.95,35.52,35.19,35.44,205165,72.72,534, -, -
KAMOPAINTS,EQ,10-Aug-2026,4.59,4.65,4.65,4.52,4.55,4.55,4.56,131629,6.01,576, 89408, 67.92
KANANIIND,EQ,10-Aug-2026,1.51,1.5,1.53,1.49,1.5,1.5,1.5,80903,1.21,327, 68586, 84.78
KANCHI,BE,10-Aug-2026,367.95,374.0,374.0,367.0,372.0,372.0,370.35,215,0.8,13, -, -
KANDARP,SM,10-Aug-2026,102.75,97.5,105.0,97.5,105.0,104.95,104.41,25000,26.1,10, 21000, 84.00
KANORICHEM,BE,10-Aug-2026,149.69,151.0,155.0,146.1,153.55,154.13,151.86,27191,41.29,225, -, -
KANPRPLA,EQ,10-Aug-2026,209.09,209.1,209.14,205.01,205.3,205.38,206.35,5646,11.65,263, 3308, 58.59
KANSAINER,EQ,10-Aug-2026,212.35,212.02,218.44,212.02,215.94,215.65,215.56,547826,1180.88,11149, 287867, 52.55
KAPSTON,EQ,10-Aug-2026,525.9,600.0,600.0,553.1,567.0,566.05,570.74,195569,1116.19,6453, 87893, 44.94
KARMAENG,EQ,10-Aug-2026,41.21,42.03,44.0,39.52,41.8,41.71,40.96,14668,6.01,307, 6635, 45.23
KARNIKA,SM,10-Aug-2026,117.0,116.1,119.95,116.1,118.0,118.75,118.12,9000,10.63,9, 7000, 77.78
KARURVYSYA,EQ,10-Aug-2026,335.55,335.55,339.8,330.3,331.4,331.2,333.26,1562822,5208.26,36120, 883833, 56.55
KATARIA,SM,10-Aug-2026,97.1,97.0,98.0,97.0,98.0,98.0,97.42,4200,4.09,6, 3600, 85.71
KAUSHALYA,BE,10-Aug-2026,943.7,951.9,970.0,924.3,928.05,934.0,947.07,194,1.84,32, -, -
KAVDEFENCE,EQ,10-Aug-2026,56.9,56.6,62.5,55.71,59.51,60.26,59.73,337815,201.79,3560, 156161, 46.23
KAYA,EQ,10-Aug-2026,271.0,271.0,281.6,271.0,277.6,276.95,276.87,78998,218.72,917, 36578, 46.30
KAYNES,EQ,10-Aug-2026,3856.3,3535.0,3846.0,3535.0,3735.1,3735.1,3733.72,4202637,156914.86,225913, 1042146, 24.80
KAYTEX,SM,10-Aug-2026,59.1,57.5,58.25,57.5,57.5,57.5,57.75,2400,1.39,3, 2400, 100.00
KCEIL,SM,10-Aug-2026,85.65,87.0,87.0,84.0,84.0,84.0,85.47,10000,8.55,17, 9500, 95.00
KCK,SM,10-Aug-2026,16.45,16.6,16.95,16.35,16.5,16.55,16.7,657500,109.78,52, 632500, 96.20
KCP,EQ,10-Aug-2026,154.96,155.2,155.89,149.91,152.05,152.12,152.06,244842,372.31,4422, 122353, 49.97
KCPSUGIND,EQ,10-Aug-2026,29.96,30.03,30.74,29.85,30.0,29.92,30.41,282416,85.88,970, 191319, 67.74
KDDL,EQ,10-Aug-2026,3843.9,3874.9,4021.8,3810.5,3856.0,3835.8,3927.66,53094,2085.35,8968, 20871, 39.31
KDL,SM,10-Aug-2026,102.65,104.0,104.5,101.05,101.5,101.35,101.98,18750,19.12,82, 12600, 67.20
KEC,EQ,10-Aug-2026,478.85,479.8,480.45,474.2,475.9,475.85,476.63,598668,2853.41,19427, 346782, 57.93
KECL,EQ,10-Aug-2026,143.51,143.51,152.5,142.91,149.66,150.17,150.16,564197,847.22,8312, 237250, 42.05
KEEPLEARN,EQ,10-Aug-2026,1.95,2.05,2.05,1.91,1.93,1.94,1.98,25208,0.5,96, 23110, 91.68
KEI,EQ,10-Aug-2026,5600.0,5615.0,5672.2,5566.2,5659.8,5659.8,5618.05,369745,20772.48,29435, 197798, 53.50
KELLTONTEC,EQ,10-Aug-2026,14.12,14.05,14.12,13.82,14.1,14.04,14.0,2148428,300.76,3572, 1069159, 49.76
KEN,SM,10-Aug-2026,39.1,39.0,41.95,39.0,41.5,41.35,40.68,27600,11.23,23, 25200, 91.30
KENNAMET,EQ,10-Aug-2026,3309.9,3309.9,3374.8,3255.0,3335.6,3342.6,3323.14,33912,1126.94,8299, 19843, 58.51
KERNEX,EQ,10-Aug-2026,2451.8,2470.0,2470.0,2244.3,2310.0,2310.1,2313.03,574514,13288.66,38264, 303371, 52.80
KESORAMIND,BE,10-Aug-2026,12.74,12.55,12.6,12.49,12.6,12.6,12.54,726836,91.12,351, -, -
KEYFINSERV,EQ,10-Aug-2026,248.6,249.15,251.7,248.7,249.3,249.05,249.34,308,0.77,19, 298, 96.75
KFINTECH,EQ,10-Aug-2026,936.0,939.55,939.55,918.6,928.5,928.5,927.47,369314,3425.28,14985, 167883, 45.46
KHADIM,BE,10-Aug-2026,96.65,96.98,98.0,92.32,94.0,93.07,93.85,51630,48.45,509, -, -
KHAICHEM,EQ,10-Aug-2026,52.0,51.5,53.0,51.04,51.6,51.71,52.11,91152,47.5,582, 54945, 60.28
KHAITANLTD,EQ,10-Aug-2026,156.24,165.0,165.0,149.99,150.01,150.49,157.62,9443,14.88,261, 6465, 68.46
KHANDSE,EQ,10-Aug-2026,17.4,17.25,17.7,16.92,17.67,17.63,17.41,398,0.07,39, 306, 76.88
KHFM,SM,10-Aug-2026,49.4,49.3,54.3,49.3,54.3,51.85,50.58,6200,3.14,4, 6200, 100.00
KICL,EQ,10-Aug-2026,5646.5,5602.5,5821.0,5405.0,5418.0,5423.5,5655.63,5652,319.66,933, 2695, 47.68
KILITCH,BE,10-Aug-2026,193.52,189.4,199.59,189.4,191.9,192.2,193.76,14081,27.28,214, -, -
KIMS,EQ,10-Aug-2026,811.1,811.15,822.5,804.1,818.5,819.5,813.88,441893,3596.48,21854, 238911, 54.07
KINGFA,EQ,10-Aug-2026,5549.5,5600.0,5741.0,5549.5,5635.0,5622.5,5637.74,17755,1000.98,5105, 9048, 50.96
KIOCL,EQ,10-Aug-2026,391.75,392.15,401.7,389.4,394.0,393.1,395.25,122310,483.43,6540, 46954, 38.39
KIRANVYPAR,EQ,10-Aug-2026,198.36,219.0,219.0,193.0,198.5,197.08,202.69,5609,11.37,156, 3935, 70.16
KIRIINDUS,EQ,10-Aug-2026,427.9,428.0,434.35,422.25,431.0,429.7,428.53,153562,658.06,4634, 85342, 55.57
KIRLFER,EQ,10-Aug-2026,445.1,446.1,455.05,438.0,439.8,439.6,443.9,78135,346.84,3425, 44766, 57.29
KIRLOSBROS,EQ,10-Aug-2026,1901.7,1902.2,1956.6,1873.1,1940.0,1941.6,1934.08,117063,2264.09,13683, 62245, 53.17
KIRLOSENG,EQ,10-Aug-2026,2161.7,2150.7,2150.7,2045.0,2142.7,2131.2,2103.05,917334,19292.01,58515, 529391, 57.71
KIRLOSIND,EQ,10-Aug-2026,3759.6,3787.9,3799.5,3735.1,3790.0,3771.5,3774.87,3168,119.59,792, 1520, 47.98
KIRLPNU,EQ,10-Aug-2026,1439.9,1450.1,1494.8,1436.2,1493.2,1486.6,1472.71,105077,1547.48,12180, 58078, 55.27
KISSHT,EQ,10-Aug-2026,299.95,298.7,302.85,292.0,292.1,293.5,298.28,1279638,3816.96,24872, 556822, 43.51
KITEX,EQ,10-Aug-2026,144.85,145.0,146.0,137.0,139.4,137.94,139.95,1305640,1827.25,12275, 783141, 59.98
KKCL,EQ,10-Aug-2026,513.5,511.0,525.5,507.05,512.2,516.5,516.94,78180,404.14,4135, 32324, 41.35
KKJEWELS,SM,10-Aug-2026,101.0,103.95,104.3,103.95,104.1,104.1,104.09,4000,4.16,4, 4000, 100.00
KLBRENG-B,EQ,10-Aug-2026,388.9,388.0,393.55,376.0,379.95,378.2,383.53,121481,465.92,4682, 67754, 55.77
KLL,SM,10-Aug-2026,22.9,22.95,24.9,22.6,23.5,23.4,23.83,72000,17.16,49, 53600, 74.44
KMEW,EQ,10-Aug-2026,2528.4,2528.4,2609.0,2492.6,2581.0,2596.8,2569.51,72121,1853.16,12453, 34523, 47.87
KMSUGAR,EQ,10-Aug-2026,28.14,28.0,28.44,27.15,27.85,27.85,27.9,252081,70.34,1541, 144449, 57.30
KNACK,EQ,10-Aug-2026,208.34,214.15,222.0,209.56,215.05,215.32,215.55,6219213,13405.26,62745, 1525391, 24.53
KNAGRI,EQ,10-Aug-2026,205.47,207.7,207.7,202.0,202.9,202.83,204.93,5964,12.22,314, 3463, 58.07
KNRCON,EQ,10-Aug-2026,139.99,141.03,145.32,139.05,143.0,142.69,142.9,2068622,2956.12,21609, 1089852, 52.68
KODYTECH,SM,10-Aug-2026,1359.3,1350.05,1400.0,1350.05,1400.0,1397.9,1382.11,8300,114.71,56, 6900, 83.13
KOHINOOR,EQ,10-Aug-2026,23.05,22.95,23.38,22.95,23.29,23.17,23.25,34093,7.93,968, 20629, 60.51
KOKUYOCMLN,EQ,10-Aug-2026,85.01,85.38,86.28,82.91,83.26,83.98,83.99,56985,47.86,1020, 41494, 72.82
KOLTEPATIL,EQ,10-Aug-2026,445.1,446.0,470.2,432.9,466.5,462.2,459.31,479812,2203.84,12409, 206913, 43.12
KONSTELEC,ST,10-Aug-2026,62.6,61.0,63.0,61.0,61.1,61.1,61.89,36000,22.28,22, 34000, 94.44
KONTOR,SM,10-Aug-2026,55.05,60.0,60.0,58.95,60.0,60.0,59.51,4200,2.5,7, 4200, 100.00
KOPRAN,BE,10-Aug-2026,181.22,179.0,181.22,175.0,179.0,177.71,177.07,172943,306.23,1641, -, -
KORE,SM,10-Aug-2026,170.5,170.5,170.5,170.5,170.5,170.5,170.5,250,0.43,1, 250, 100.00
KOTAKBANK,EQ,10-Aug-2026,390.75,388.0,393.5,386.5,393.5,393.5,389.7,11662079,45446.84,137291, 7737422, 66.35
KOTARISUG,EQ,10-Aug-2026,26.43,26.3,26.8,26.21,26.41,26.41,26.54,66314,17.6,426, 43787, 66.03
KOTHARIPET,EQ,10-Aug-2026,149.52,148.75,151.0,144.56,144.76,145.51,145.85,79128,115.41,1381, 52130, 65.88
KOTHARIPRO,EQ,10-Aug-2026,69.63,71.02,71.02,68.05,68.05,68.52,69.98,14417,10.09,272, 11466, 79.53
KOTIC,EQ,10-Aug-2026,152.9,155.0,155.0,150.4,151.4,151.45,151.8,2511,3.81,159, 1521, 60.57
KOTYARK,BE,10-Aug-2026,40.68,40.89,42.25,40.6,41.72,41.79,41.67,702468,292.69,2142, -, -
KOVAI,EQ,10-Aug-2026,5843.5,5950.0,6279.0,5950.0,6130.5,6162.0,6141.23,15049,924.19,3207, 9250, 61.47
KPEL,EQ,10-Aug-2026,302.5,301.3,302.15,289.0,292.85,291.6,295.97,359628,1064.38,9368, 231659, 64.42
KPIGREEN,EQ,10-Aug-2026,370.7,372.3,375.15,365.35,370.0,369.25,370.03,818936,3030.3,25483, 434117, 53.01
KPIL,EQ,10-Aug-2026,1317.2,1325.0,1328.0,1299.8,1324.3,1315.4,1311.34,88984,1166.88,11238, 52973, 59.53
KPITTECH,EQ,10-Aug-2026,629.9,630.0,638.8,624.3,627.9,627.9,631.39,1469093,9275.66,27131, 528563, 35.98
KPL,EQ,10-Aug-2026,2611.8,2645.0,3134.1,2551.9,3134.1,3134.1,3015.73,409430,12347.29,28037, 96125, 23.48
KPRMILL,EQ,10-Aug-2026,1076.7,1076.7,1102.9,1064.8,1092.0,1086.0,1082.63,761038,8239.25,39677, 141809, 18.63
KRBL,EQ,10-Aug-2026,378.65,378.4,384.9,371.65,374.85,373.9,377.19,311647,1175.49,7913, 151825, 48.72
KREBSBIO,EQ,10-Aug-2026,55.04,55.5,58.5,55.5,56.0,57.23,57.07,6232,3.56,57, 5710, 91.62
KRIDHANINF,BE,10-Aug-2026,2.29,2.3,2.4,2.25,2.3,2.3,2.31,66259,1.53,57, -, -
KRISHANA,EQ,10-Aug-2026,178.67,178.67,184.5,178.67,183.69,183.54,182.34,504500,919.89,8809, 223798, 44.36
KRISHCA,SM,10-Aug-2026,165.0,165.0,169.8,165.0,169.8,168.55,165.96,5500,9.13,9, 5500, 100.00
KRISHIVAL,EQ,10-Aug-2026,389.2,391.75,400.0,389.5,396.0,397.8,393.92,10199,40.18,371, 8524, 83.58
KRISHNADEF,EQ,10-Aug-2026,1181.4,1180.0,1200.0,1168.3,1183.4,1186.2,1187.86,53394,634.25,4766, 27134, 50.82
KRITI,EQ,10-Aug-2026,70.49,72.0,72.0,65.05,66.1,67.62,69.51,27334,19.0,250, 22500, 82.32
KRITIKA,EQ,10-Aug-2026,5.79,5.79,5.8,5.51,5.6,5.56,5.62,245975,13.82,777, 163375, 66.42
KRITINUT,EQ,10-Aug-2026,90.06,94.0,94.0,86.0,86.94,86.45,89.04,14752,13.14,555, 9279, 62.90
KRMAYURVED,SM,10-Aug-2026,302.0,312.0,343.95,312.0,323.0,329.8,328.35,240000,788.05,208, 171000, 71.25
KRN,BE,10-Aug-2026,1208.4,1217.0,1242.0,1200.0,1225.0,1226.4,1226.26,58665,719.39,4866, -, -
KRONOX,EQ,10-Aug-2026,163.55,163.55,169.5,163.55,167.1,167.71,167.33,173010,289.5,4549, 100354, 58.00
KROSS,EQ,10-Aug-2026,202.75,205.0,207.6,202.24,206.45,206.06,205.46,308066,632.95,6423, 145221, 47.14
KRSNAA,EQ,10-Aug-2026,560.85,560.95,571.0,560.05,563.8,567.6,565.75,78668,445.07,4268, 45670, 58.05
KRT,RR,10-Aug-2026,117.32,117.69,117.69,116.18,116.55,116.79,116.98,363155,424.82,4569, 308041, 84.82
KRYSTAL,EQ,10-Aug-2026,600.25,600.1,646.7,600.0,601.4,602.55,610.88,63639,388.76,1334, 34392, 54.04
KSB,EQ,10-Aug-2026,784.25,784.5,818.3,777.3,805.5,803.9,803.45,283595,2278.53,17257, 151185, 53.31
KSCL,EQ,10-Aug-2026,764.45,770.0,780.1,756.6,766.0,763.3,767.24,141378,1084.71,7897, 59293, 41.94
KSHINTL,EQ,10-Aug-2026,899.9,906.6,916.0,892.1,896.7,900.6,905.81,514737,4662.51,30600, 296056, 57.52
KSHITIJPOL,BE,10-Aug-2026,2.81,2.77,2.86,2.73,2.82,2.8,2.78,708789,19.69,954, -, -
KSL,EQ,10-Aug-2026,848.4,845.0,860.0,832.55,834.15,834.9,849.06,45844,389.24,3946, 22258, 48.55
KSOLVES,EQ,10-Aug-2026,280.05,280.0,281.55,275.05,278.8,277.25,278.72,29175,81.32,1085, 21390, 73.32
KSR,EQ,10-Aug-2026,29.18,28.62,29.9,26.76,26.9,27.29,28.21,25267,7.13,144, 22514, 89.10
KTKBANK,EQ,10-Aug-2026,310.0,311.0,315.0,304.05,305.8,305.25,307.5,1598287,4914.73,22869, 883866, 55.30
KUANTUM,EQ,10-Aug-2026,86.04,87.0,88.8,85.41,86.1,86.29,86.94,227177,197.51,2673, 130099, 57.27
KUSUMGAR,EQ,10-Aug-2026,640.55,639.1,659.5,624.9,635.0,637.05,641.02,729466,4676.05,20143, 289779, 39.72
KWIL,EQ,10-Aug-2026,34.86,35.0,35.64,34.32,34.51,34.55,34.99,9673951,3385.22,24600, 4037687, 41.74
LAGNAM,EQ,10-Aug-2026,83.34,85.0,85.0,80.1,82.0,82.13,82.45,11254,9.28,242, 5930, 52.69
LAHOTIOV,EQ,10-Aug-2026,42.74,42.01,43.5,41.0,43.5,43.06,42.33,3026,1.28,34, 2616, 86.45
LAKPRE,BZ,10-Aug-2026,5.2,4.94,4.94,4.94,4.94,4.94,4.94,259,0.01,3, -, -
LAKSHYA,SM,10-Aug-2026,88.45,88.45,88.45,85.0,86.5,86.35,86.12,7200,6.2,9, 5600, 77.78
LAL,EQ,10-Aug-2026,8.78,8.99,9.27,8.58,8.71,8.74,8.82,30223,2.67,182, 13326, 44.09
LALPATHLAB,EQ,10-Aug-2026,1931.6,1939.7,1973.5,1934.0,1945.1,1954.0,1958.63,290743,5694.57,27791, 146945, 50.54
LAMBODHARA,EQ,10-Aug-2026,115.12,115.99,119.5,112.2,113.9,113.48,116.14,21726,25.23,530, 12131, 55.84
LAMOSAIC,ST,10-Aug-2026,55.05,55.05,55.05,53.0,54.9,54.85,54.6,119400,65.19,68, 109800, 91.96
LANCORHOL,EQ,10-Aug-2026,25.76,25.52,27.55,25.52,27.0,26.78,26.65,310569,82.78,2688, 162081, 52.19
LANDMARK,EQ,10-Aug-2026,535.05,538.1,568.0,527.15,560.5,561.35,548.62,315817,1732.64,10928, 148655, 47.07
LANDSMILL,EQ,10-Aug-2026,0.8,0.79,0.81,0.79,0.79,0.79,0.8,2222538,17.67,1174, 1443299, 64.94
LAOPALA,EQ,10-Aug-2026,189.96,191.0,194.0,189.55,194.0,193.7,192.44,168075,323.44,3275, 86027, 51.18
LASA,EQ,10-Aug-2026,7.99,8.45,8.45,7.5,7.85,7.7,8.02,129871,10.42,474, 46614, 35.89
LASERPOWER,EQ,10-Aug-2026,295.1,296.5,306.5,292.55,301.2,302.55,300.97,2513759,7565.73,31380, 764842, 30.43
LATENTVIEW,EQ,10-Aug-2026,297.2,295.0,301.45,294.8,298.15,297.8,297.89,319519,951.82,7312, 135393, 42.37
LATTEYS,BE,10-Aug-2026,20.44,20.97,20.97,19.42,20.35,20.07,19.85,56765,11.27,214, -, -
LAURUSLABS,EQ,10-Aug-2026,1844.3,1845.0,1870.8,1832.8,1854.0,1854.0,1857.78,1386592,25759.83,42942, 682894, 49.25
LAXMICOT,EQ,10-Aug-2026,14.79,15.07,15.07,14.3,14.83,14.55,14.73,9459,1.39,115, 8086, 85.48
LAXMIDENTL,EQ,10-Aug-2026,216.08,217.87,219.9,213.44,214.55,215.56,215.93,108134,233.5,2946, 54003, 49.94
LAXMIINDIA,BE,10-Aug-2026,134.06,137.99,137.99,131.0,135.0,134.29,133.76,69202,92.56,489, -, -
LCCINFOTEC,EQ,10-Aug-2026,3.78,3.84,3.99,3.6,3.62,3.7,3.79,90493,3.43,189, 78454, 86.70
LCL,EQ,10-Aug-2026,530.3,528.95,548.0,511.4,522.0,519.25,530.34,811771,4305.15,20819, 324418, 39.96
LEMERITE,EQ,10-Aug-2026,23.41,23.85,24.03,23.0,23.19,23.15,23.39,321768,75.27,687, 81500, 25.33
LEMONTREE,EQ,10-Aug-2026,111.01,111.0,111.0,106.51,108.15,107.94,107.76,5557136,5988.23,48567, 3024680, 54.43
LENSKART,EQ,10-Aug-2026,569.7,572.9,592.0,566.1,585.0,586.15,580.96,4635024,26927.75,58883, 2787084, 60.13
LEXUS,EQ,10-Aug-2026,15.09,14.79,15.25,14.36,14.85,14.69,14.74,19970,2.94,148, 13250, 66.35
LFIC,EQ,10-Aug-2026,139.52,139.52,141.99,136.1,137.7,139.72,138.78,350,0.49,26, 192, 54.86
LGBBROSLTD,EQ,10-Aug-2026,1523.5,1538.5,1560.0,1515.0,1553.0,1551.6,1536.79,31610,485.78,3046, 19394, 61.35
LGEINDIA,EQ,10-Aug-2026,1586.5,1580.1,1591.7,1552.6,1554.1,1557.8,1566.85,203716,3191.93,20336, 120189, 59.00
LGHL,EQ,10-Aug-2026,202.82,197.3,207.0,197.3,197.6,197.8,201.15,18685,37.58,231, 1458, 7.80
LIBAS,EQ,10-Aug-2026,9.78,10.08,10.08,9.55,9.96,9.94,9.88,13196,1.3,107, 9587, 72.65
LIBERTSHOE,EQ,10-Aug-2026,262.3,262.15,265.65,236.35,250.0,251.45,248.74,135651,337.42,2976, 24685, 18.20
LICHSGFIN,EQ,10-Aug-2026,504.25,504.9,506.9,500.0,500.0,500.0,501.83,1388633,6968.59,33033, 777901, 56.02
LICI,EQ,10-Aug-2026,394.0,394.9,397.55,392.15,393.0,393.0,394.62,17941303,70800.33,140900, 12229660, 68.16
LICMFGOLD,EQ,10-Aug-2026,134.25,134.25,136.3,134.25,135.9,136.0,135.93,229196,311.55,1140, 164540, 71.79
LICNETFGSC,EQ,10-Aug-2026,29.57,29.8,29.8,29.52,29.6,29.61,29.58,25905,7.66,122, 25130, 97.01
LICNETFN50,EQ,10-Aug-2026,275.05,276.31,276.95,274.6,276.63,276.63,276.18,388,1.07,41, 338, 87.11
LICNETFSEN,EQ,10-Aug-2026,890.59,891.38,891.38,884.09,884.09,884.09,888.29,130,1.15,11, 57, 43.85
LICNFNHGP,EQ,10-Aug-2026,279.06,281.35,282.92,281.12,281.12,281.23,281.61,293,0.83,23, 278, 94.88
LICNMID100,EQ,10-Aug-2026,63.45,64.08,64.47,63.45,64.43,64.27,64.05,4029,2.58,86, 3188, 79.13
LIKHITHA,EQ,10-Aug-2026,221.93,222.68,232.39,219.0,225.1,226.61,227.15,49657,112.8,1059, 29478, 59.36
LINC,EQ,10-Aug-2026,99.86,99.71,104.5,96.82,100.25,100.45,100.09,49714,49.76,957, 35712, 71.83
LINCOLN,EQ,10-Aug-2026,600.15,601.0,603.0,589.1,596.0,594.6,595.08,19840,118.06,1393, 12475, 62.88
LINDEINDIA,EQ,10-Aug-2026,7112.5,7112.5,7148.0,6996.5,7045.0,7048.0,7060.87,19438,1372.49,6098, 10155, 52.24
LIQGRWBEES,EQ,10-Aug-2026,1050.9,1054.8,1054.8,1050.57,1051.04,1051.03,1051.04,79661,837.27,232, 57315, 71.95
LIQUID,EQ,10-Aug-2026,999.99,1000.0,1000.0,999.99,999.99,999.99,1000.0,284672,2846.72,226, 242285, 85.11
LIQUID1,EQ,10-Aug-2026,1117.32,1117.35,1119.5,1116.52,1117.48,1117.48,1117.48,665764,7439.81,2834, 568890, 85.45
LIQUIDADD,EQ,10-Aug-2026,1139.43,1139.57,1139.6,1139.57,1139.6,1139.59,1139.6,225522,2570.04,388, 193725, 85.90
LIQUIDBEES,EQ,10-Aug-2026,1000.0,1000.0,1000.5,999.22,1000.0,1000.0,1000.0,2962236,29622.36,4807, 1895641, 63.99
LIQUIDBETA,EQ,10-Aug-2026,1003.45,1003.58,1003.58,1003.56,1003.56,1003.56,1003.58,512,5.14,5, 500, 97.66
LIQUIDBETF,EQ,10-Aug-2026,1093.82,1093.93,1093.95,1093.93,1093.94,1093.94,1093.94,208135,2276.88,95, 134279, 64.52
LIQUIDCASE,EQ,10-Aug-2026,115.38,115.41,115.41,115.39,115.41,115.4,115.4,21016818,24252.93,19897, 15850716, 75.42
LIQUIDETF,EQ,10-Aug-2026,1000.0,999.99,1000.01,995.0,1000.0,999.99,1000.0,69104,691.04,399, 36431, 52.72
LIQUIDIETF,EQ,10-Aug-2026,999.99,999.99,1000.01,999.99,1000.0,999.99,1000.0,606420,6064.2,241, 374903, 61.82
LIQUIDPLUS,EQ,10-Aug-2026,1098.06,1098.06,1098.21,1096.95,1098.2,1098.19,1098.19,156759,1721.51,422, 153655, 98.02
LIQUIDSBI,EQ,10-Aug-2026,1000.0,1000.01,1000.01,1000.0,1000.0,1000.0,1000.0,1946,19.46,34, 1862, 95.68
LIQUIDSHRI,EQ,10-Aug-2026,1116.52,1116.66,1116.66,1116.64,1116.66,1116.66,1116.64,2263,25.27,19, 2233, 98.67
LLOYDS,ST,10-Aug-2026,67.5,70.85,70.85,66.15,66.15,66.15,69.92,6000,4.2,6, 6000, 100.00
LLOYDSENGG,EQ,10-Aug-2026,96.88,97.2,99.75,95.0,95.2,95.33,97.44,20278842,19759.58,65411, 8242309, 40.64
LLOYDSENT,EQ,10-Aug-2026,83.5,83.89,84.7,81.5,82.23,82.55,83.07,4935007,4099.47,21109, 2730983, 55.34
LLOYDSME,EQ,10-Aug-2026,2101.2,2115.0,2125.0,2034.1,2059.1,2052.8,2077.41,783313,16272.59,41071, 409325, 52.26
LMW,EQ,10-Aug-2026,16629.0,16601.0,17697.0,16582.0,17689.0,17635.0,17371.6,14329,2489.18,4758, 6560, 45.78
LODHA,EQ,10-Aug-2026,1218.7,1220.0,1240.0,1204.0,1213.0,1213.0,1222.7,708849,8667.09,21459, 261236, 36.85
LOKESHMACH,BE,10-Aug-2026,344.4,351.0,351.25,351.0,351.25,351.25,351.23,20368,71.54,135, -, -
LORDSCHLO,EQ,10-Aug-2026,144.13,144.45,147.89,141.3,143.31,142.43,144.25,20894,30.14,1083, 8923, 42.71
LOTUSDEV,EQ,10-Aug-2026,185.83,176.54,186.3,176.54,176.54,176.54,180.22,6114788,11019.89,14014, 2739064, 44.79
LOTUSEYE,EQ,10-Aug-2026,118.82,116.0,118.55,115.21,115.6,115.61,116.3,13828,16.08,264, 10159, 73.47
LOVABLE,EQ,10-Aug-2026,72.55,72.55,74.5,72.06,73.0,72.6,73.08,14279,10.43,221, 8781, 61.50
LOWVOL,EQ,10-Aug-2026,212.58,212.61,213.58,212.61,213.0,213.01,213.19,254,0.54,15, 236, 92.91
LOWVOL1,EQ,10-Aug-2026,21.74,22.28,22.28,21.4,21.6,21.63,21.78,822852,179.22,497, 653315, 79.40
LOWVOLIETF,EQ,10-Aug-2026,22.76,23.22,23.22,22.76,22.9,22.87,22.88,2707980,619.59,1736, 1971327, 72.80
LOYALTEX,EQ,10-Aug-2026,215.0,216.0,216.19,211.15,214.0,214.0,214.42,315,0.68,38, 315, 100.00
LPDC,EQ,10-Aug-2026,6.39,6.55,6.62,6.3,6.4,6.3,6.35,43206,2.74,151, 34298, 79.38
LRRPL,SM,10-Aug-2026,84.6,84.7,85.0,84.7,85.0,85.0,84.85,4500,3.82,3, 4500, 100.00
LT,EQ,10-Aug-2026,4056.0,4055.7,4080.0,4025.8,4080.0,4080.0,4060.58,1082855,43970.16,73565, 628745, 58.06
LTF,EQ,10-Aug-2026,308.0,308.0,314.8,305.5,312.85,312.85,312.49,2502682,7820.65,43153, 1088854, 43.51
LTFOODS,EQ,10-Aug-2026,427.55,431.05,431.4,420.25,421.4,422.75,426.29,246076,1049.0,12245, 100536, 40.86
LTGILTBEES,EQ,10-Aug-2026,30.07,30.12,30.12,30.01,30.09,30.08,30.06,2007507,603.54,736, 1845334, 91.92
LTGILTCASE,EQ,10-Aug-2026,30.62,30.75,30.75,30.5,30.61,30.63,30.62,195401,59.83,329, 107931, 55.24
LTM,EQ,10-Aug-2026,4658.1,4688.0,4799.7,4682.5,4795.0,4795.0,4768.76,565664,26975.14,61194, 174997, 30.94
LTTS,EQ,10-Aug-2026,3598.7,3621.8,3654.5,3571.2,3590.0,3583.4,3614.95,74665,2699.1,12841, 30252, 40.52
LUMAXIND,EQ,10-Aug-2026,5791.5,5838.0,5865.5,5563.5,5615.0,5655.5,5701.03,30006,1710.65,7561, 15494, 51.64
LUMAXTECH,EQ,10-Aug-2026,1722.4,1742.0,1759.0,1711.3,1758.9,1738.2,1738.63,181364,3153.25,22676, 95010, 52.39
LUPIN,EQ,10-Aug-2026,2363.5,2360.0,2362.8,2235.0,2300.0,2300.0,2273.03,3762236,85516.66,148066, 1976588, 52.54
LUXIND,EQ,10-Aug-2026,1269.4,1270.0,1283.5,1241.4,1244.8,1244.9,1258.43,23039,289.93,2321, 12586, 54.63
LXCHEM,EQ,10-Aug-2026,175.64,177.05,180.89,175.0,177.82,177.97,178.67,904868,1616.72,10161, 334376, 36.95
LYKALABS,BE,10-Aug-2026,66.74,67.0,68.07,67.0,68.07,68.07,67.58,3933,2.66,29, -, -
M&M,EQ,10-Aug-2026,3502.0,3509.0,3534.6,3491.1,3517.0,3517.0,3518.1,2434928,85663.32,108320, 1772064, 72.78
M&MFIN,EQ,10-Aug-2026,408.45,407.0,415.0,395.0,412.05,412.3,409.22,3517041,14392.57,55837, 1474444, 41.92
MAANALU,EQ,10-Aug-2026,124.43,126.92,126.92,123.82,125.94,124.89,125.02,27461,34.33,541, 14116, 51.40
MACOBSTECH,SM,10-Aug-2026,210.55,214.0,215.1,209.0,209.0,209.0,212.21,5600,11.88,7, 1600, 28.57
MACPOWER,EQ,10-Aug-2026,1681.1,1687.0,1839.9,1634.5,1835.0,1824.3,1780.22,138269,2461.49,16887, 60836, 44.00
MADHAV,EQ,10-Aug-2026,34.34,33.71,35.64,33.71,35.0,34.96,35.07,1897,0.67,59, 1187, 62.57
MADHAVBAUG,ST,10-Aug-2026,188.85,184.0,190.0,181.0,190.0,190.0,187.0,4000,7.48,8, 3600, 90.00
MADHAVIPL,EQ,10-Aug-2026,7.78,7.72,7.84,7.18,7.5,7.48,7.59,256589,19.49,638, 187736, 73.17
MADHUCON,BE,10-Aug-2026,5.29,5.39,5.39,5.23,5.35,5.35,5.38,18975,1.02,23, -, -
MADHUSUDAN,ST,10-Aug-2026,225.3,227.0,232.85,227.0,232.85,232.85,230.82,9000,20.77,9, 9000, 100.00
MADRASFERT,EQ,10-Aug-2026,66.41,66.41,67.12,66.41,66.54,66.58,66.69,26521,17.69,476, 11324, 42.70
MAFANG,EQ,10-Aug-2026,206.29,206.32,206.32,206.32,206.32,206.32,206.32,141756,292.47,566, 141756, 100.00
MAFATIND,EQ,10-Aug-2026,132.13,130.0,131.99,127.0,128.0,127.52,128.93,91077,117.42,1685, 66557, 73.08
MAGADSUGAR,EQ,10-Aug-2026,512.85,515.45,548.0,513.85,530.1,531.55,532.6,31126,165.78,1826, 14293, 45.92
MAGNUM,EQ,10-Aug-2026,19.32,19.89,19.89,19.3,19.6,19.36,19.43,22820,4.44,87, 18713, 82.00
MAGSON,SM,10-Aug-2026,180.0,187.0,190.0,180.05,187.0,187.0,187.25,8000,14.98,5, 7000, 87.50
MAHABANK,EQ,10-Aug-2026,78.28,78.28,79.2,78.05,78.61,78.88,78.72,9208278,7248.61,98042, 5263964, 57.17
MAHAPEXLTD,EQ,10-Aug-2026,44.38,45.02,51.0,44.69,47.81,47.87,48.39,83920,40.61,920, 38213, 45.54
MAHASTEEL,EQ,10-Aug-2026,1046.3,1002.9,1040.9,1002.9,1004.0,1021.4,1026.62,3551,36.46,445, 2120, 59.70
MAHEPC,EQ,10-Aug-2026,108.22,108.22,109.9,108.01,108.2,108.56,108.66,13915,15.12,345, 8692, 62.46
MAHESHWARI,BE,10-Aug-2026,72.86,74.9,74.9,71.26,73.0,73.0,72.99,5167,3.77,34, -, -
MAHICKRA,SM,10-Aug-2026,275.0,255.3,262.95,255.3,262.95,262.95,260.4,2250,5.86,3, 1500, 66.67
MAHKTECH,EQ,10-Aug-2026,23.83,23.6,23.6,23.6,23.6,23.6,23.6,255251,60.24,366, 255251, 100.00
MAHLIFE,EQ,10-Aug-2026,386.55,387.35,397.55,385.0,386.7,386.85,389.17,141747,551.63,7506, 64214, 45.30
MAHLOG,EQ,10-Aug-2026,402.7,403.0,417.0,402.0,411.9,411.35,412.3,271907,1121.09,9990, 167871, 61.74
MAHSCOOTER,EQ,10-Aug-2026,13818.0,13933.0,13933.0,13602.0,13749.0,13692.0,13756.14,2777,382.01,1274, 1310, 47.17
MAHSEAMLES,EQ,10-Aug-2026,589.7,595.1,617.9,589.2,605.0,607.85,607.68,371775,2259.2,16296, 135583, 36.47
MAITHANALL,EQ,10-Aug-2026,973.35,970.3,979.2,966.0,977.45,976.75,972.54,17314,168.38,1449, 10550, 60.93
MAITREYA,SM,10-Aug-2026,124.3,117.15,124.0,117.15,124.0,120.55,120.58,800,0.96,2, 800, 100.00
MAJESAUT,BE,10-Aug-2026,492.15,443.8,443.8,443.8,443.8,443.8,443.8,9655,42.85,380, -, -
MAKEINDIA,EQ,10-Aug-2026,169.61,169.63,170.24,169.14,169.79,169.59,169.76,123191,209.13,697, 104358, 84.71
MAKS,SM,10-Aug-2026,17.2,16.4,16.4,16.35,16.35,16.35,16.39,9000,1.48,2, 9000, 100.00
MAL,SM,10-Aug-2026,31.25,31.0,32.75,31.0,32.0,32.0,31.6,33600,10.62,17, 24000, 71.43
MALLCOM,EQ,10-Aug-2026,994.45,1002.0,1015.0,998.6,1000.0,1005.25,1002.12,2108,21.12,151, 1935, 91.79
MALUPAPER,EQ,10-Aug-2026,32.68,32.5,33.1,31.55,32.18,31.84,32.14,15600,5.01,283, 12480, 80.00
MAMATA,EQ,10-Aug-2026,428.2,425.1,428.05,416.0,425.0,425.3,422.96,67290,284.61,2791, 25243, 37.51
MANAKALUCO,EQ,10-Aug-2026,40.48,43.41,47.35,43.41,44.03,44.59,45.45,2035993,925.3,11089, 693915, 34.08
MANAKCOAT,EQ,10-Aug-2026,114.51,113.93,117.2,112.02,117.0,114.36,115.1,570842,657.03,3677, 405388, 71.02
MANAKSIA,EQ,10-Aug-2026,56.97,57.7,60.49,57.7,58.17,58.34,59.01,46640,27.52,567, 30788, 66.01
MANAKSTEEL,EQ,10-Aug-2026,84.43,84.01,84.01,80.21,80.21,80.68,82.14,115463,94.84,1764, 74715, 64.71
MANALIPETC,EQ,10-Aug-2026,64.64,63.91,66.0,63.91,64.47,64.35,64.72,335093,216.88,3153, 179650, 53.61
MANAPPURAM,EQ,10-Aug-2026,366.75,367.0,371.6,363.9,369.3,369.3,367.99,2874627,10578.24,31674, 978013, 34.02
MANAV,SM,10-Aug-2026,23.45,24.0,24.0,24.0,24.0,24.0,24.0,4000,0.96,1, 4000, 100.00
MANBA,EQ,10-Aug-2026,131.77,130.3,133.91,130.3,131.25,132.14,131.94,31262,41.25,1078, 15621, 49.97
MANCREDIT,EQ,10-Aug-2026,240.09,237.02,240.47,226.38,229.76,229.99,234.95,278622,654.63,4041, 205869, 73.89
MANDEEP,SM,10-Aug-2026,20.9,20.0,20.0,20.0,20.0,20.0,20.0,2000,0.4,1, 2000, 100.00
MANGALAM,EQ,10-Aug-2026,27.19,27.19,27.8,26.59,27.01,27.28,27.02,22062,5.96,209, 15798, 71.61
MANGLMCEM,EQ,10-Aug-2026,938.15,926.25,926.25,893.3,908.2,901.5,901.76,123215,1111.1,2692, 78546, 63.75
MANILAM,SM,10-Aug-2026,49.0,46.0,48.8,46.0,48.8,47.6,47.6,6000,2.86,3, 6000, 100.00
MANINDS,EQ,10-Aug-2026,555.05,558.5,566.55,545.0,549.4,549.5,556.87,349589,1946.74,11167, 192922, 55.19
MANINFRA,EQ,10-Aug-2026,113.85,114.0,117.01,112.0,112.87,113.64,115.49,3616270,4176.6,20607, 1176926, 32.55
MANIPALHOS,EQ,10-Aug-2026,677.95,676.0,693.4,666.0,685.0,686.35,679.6,2502936,17010.01,58604, 1107075, 44.23
MANKIND,EQ,10-Aug-2026,2456.0,2450.0,2485.0,2428.5,2438.0,2438.0,2446.33,230964,5650.14,15131, 128177, 55.50
MANOMAY,EQ,10-Aug-2026,218.79,219.69,220.0,216.84,217.0,218.13,218.21,67039,146.29,1296, 17838, 26.61
MANORAMA,EQ,10-Aug-2026,1636.2,1641.0,1685.0,1623.6,1674.0,1674.0,1660.26,90784,1507.25,10921, 49290, 54.29
MANORG,BE,10-Aug-2026,457.9,460.0,460.0,444.0,457.75,449.3,451.37,15805,71.34,218, -, -
MANUFGBEES,EQ,10-Aug-2026,164.52,167.96,168.12,167.0,167.0,167.54,167.61,6060,10.16,123, 5671, 93.58
MANUGRAPH,BE,10-Aug-2026,16.14,16.14,16.14,15.45,15.99,15.6,15.64,4147,0.65,27, -, -
MANYAVAR,EQ,10-Aug-2026,516.9,516.9,526.95,508.85,526.0,524.9,519.76,793752,4125.57,26266, 256138, 32.27
MAPMYINDIA,EQ,10-Aug-2026,1014.3,1020.0,1022.4,979.6,989.8,985.0,997.1,302474,3015.98,19644, 128762, 42.57
MARALOVER,BE,10-Aug-2026,54.51,52.67,53.7,52.51,53.34,53.35,52.99,12492,6.62,157, -, -
MARATHON,EQ,10-Aug-2026,386.1,393.0,393.0,377.0,378.0,380.15,385.67,64572,249.04,1870, 47959, 74.27
MARC,SM,10-Aug-2026,131.15,134.2,134.2,130.9,131.0,130.95,132.8,13200,17.53,9, 8400, 63.64
MARCO,SM,10-Aug-2026,33.5,32.0,32.25,30.7,31.95,31.95,31.75,12000,3.81,8, 6000, 50.00
MARICO,EQ,10-Aug-2026,862.0,862.4,863.5,852.35,863.5,863.5,856.01,1304962,11170.65,57091, 792085, 60.70
MARINE,EQ,10-Aug-2026,336.9,337.0,357.8,336.85,355.0,355.15,349.84,1867460,6533.09,28936, 723359, 38.73
MARINETRAN,SM,10-Aug-2026,14.8,15.5,15.5,15.5,15.5,15.5,15.5,4000,0.62,1, 4000, 100.00
MARKOLINES,EQ,10-Aug-2026,178.46,179.56,181.98,178.0,178.05,179.5,180.61,193553,349.57,1811, 51575, 26.65
MARKSANS,EQ,10-Aug-2026,273.85,273.85,275.7,268.3,271.5,271.45,271.31,675800,1833.53,13348, 309394, 45.78
MARSONS,EQ,10-Aug-2026,103.97,103.65,109.8,102.56,103.98,103.45,105.4,1553131,1636.99,11321, 581613, 37.45
MARUSHIKA,SM,10-Aug-2026,103.0,105.75,112.0,105.75,112.0,112.0,109.91,19200,21.1,14, 16800, 87.50
MARUTI,EQ,10-Aug-2026,14037.0,14039.0,14119.0,13954.0,14097.0,14097.0,14083.01,299446,42171.02,41912, 188716, 63.02
MASFIN,EQ,10-Aug-2026,302.15,303.9,303.95,299.25,299.95,300.65,301.19,156011,469.89,5183, 95894, 61.47
MASKINVEST,BE,10-Aug-2026,157.0,158.57,158.57,158.57,158.57,158.57,158.57,2,0.0,1, -, -
MASON,SM,10-Aug-2026,119.85,119.0,119.0,116.15,116.15,116.15,116.86,2000,2.34,4, 2000, 100.00
MASPTOP50,EQ,10-Aug-2026,80.54,80.65,80.65,80.65,80.65,80.65,80.65,34097,27.5,212, 34097, 100.00
MASTEK,EQ,10-Aug-2026,1832.0,1840.0,1848.1,1800.0,1804.9,1802.5,1823.69,39656,723.2,6319, 18340, 46.25
MASTER,SM,10-Aug-2026,497.0,500.0,500.0,472.15,475.0,475.0,483.83,4000,19.35,6, 3500, 87.50
MASTERTR,EQ,10-Aug-2026,79.65,79.89,82.0,78.81,80.75,80.61,80.25,226421,181.71,1776, 45278, 20.00
MATRIMONY,EQ,10-Aug-2026,480.8,480.0,483.0,470.55,480.0,480.35,479.25,111209,532.97,1829, 98305, 88.40
MAWANASUG,EQ,10-Aug-2026,115.83,115.0,123.14,113.2,113.5,114.36,117.85,679883,801.26,4829, 429309, 63.14
MAXESTATES,EQ,10-Aug-2026,397.1,396.05,424.8,396.05,423.0,421.45,415.62,111381,462.92,4294, 68767, 61.74
MAXHEALTH,EQ,10-Aug-2026,1070.0,1070.2,1079.9,1054.3,1069.0,1069.0,1066.81,2126362,22684.32,37060, 1501224, 70.60
MAXIND,EQ,10-Aug-2026,171.08,171.05,171.7,166.6,168.33,169.46,168.88,49519,83.63,1275, 23992, 48.45
MAXPOSURE,SM,10-Aug-2026,34.35,34.0,34.0,33.25,33.5,33.5,33.56,4000,1.34,4, 2000, 50.00
MAXVOLT,ST,10-Aug-2026,346.25,349.95,349.95,328.95,328.95,328.95,333.39,50000,166.69,113, 48400, 96.80
MAYASHEEL,SM,10-Aug-2026,39.5,38.8,38.8,38.8,38.8,38.8,38.8,6000,2.33,2, 6000, 100.00
MAYURUNIQ,EQ,10-Aug-2026,773.1,780.0,780.6,741.55,777.9,775.55,769.4,142095,1093.28,8119, 76953, 54.16
MAZDA,BE,10-Aug-2026,231.23,232.0,238.37,231.33,235.32,234.46,234.31,6374,14.94,161, -, -
MAZDOCK,EQ,10-Aug-2026,2514.9,2519.0,2582.0,2487.0,2575.0,2575.0,2551.09,1466868,37421.17,52748, 599654, 40.88
MBAPL,EQ,10-Aug-2026,158.09,158.49,164.9,155.93,164.55,164.44,163.06,622911,1015.74,6437, 396836, 63.71
MBEL,EQ,10-Aug-2026,298.5,306.0,313.5,258.25,266.0,267.7,281.82,2029854,5720.49,43011, 691482, 34.07
MBLINFRA,BE,10-Aug-2026,24.52,24.52,25.0,24.01,24.85,24.81,24.72,26137,6.46,102, -, -
MCCHRLS-B,EQ,10-Aug-2026,679.85,702.0,702.0,665.0,675.0,674.1,674.77,171,1.15,29, 144, 84.21
MCL,EQ,10-Aug-2026,58.31,59.14,60.48,58.05,58.97,58.8,59.24,79823,47.29,1722, 33873, 42.44
MCLEODRUSS,BE,10-Aug-2026,49.04,51.49,51.49,50.0,51.45,51.43,51.41,322522,165.8,624, -, -
MCLOUD,EQ,10-Aug-2026,29.68,29.6,29.68,28.78,28.8,29.02,29.16,1420745,414.32,4161, 703183, 49.49
MCON,SM,10-Aug-2026,42.5,41.6,41.6,41.1,41.1,41.1,41.35,4000,1.65,2, 2000, 50.00
MCX,EQ,10-Aug-2026,2638.0,2640.0,2789.0,2603.2,2759.3,2759.3,2733.6,4554692,124507.06,182289, 2107420, 46.27
MEDANTA,EQ,10-Aug-2026,1455.6,1459.0,1491.0,1457.3,1477.7,1476.2,1478.94,306259,4529.38,22902, 161187, 52.63
MEDIASSIST,EQ,10-Aug-2026,364.95,369.65,369.95,343.3,352.6,353.0,351.19,488904,1717.0,12834, 245052, 50.12
MEDICAMEQ,EQ,10-Aug-2026,235.69,235.69,239.97,232.0,233.5,236.45,233.94,14744,34.49,387, 10432, 70.75
MEDICO,EQ,10-Aug-2026,46.98,48.49,48.49,45.05,46.9,46.1,46.3,551226,255.23,1153, 133855, 24.28
MEDPLUS,EQ,10-Aug-2026,700.25,700.75,701.9,685.0,685.25,686.3,689.34,97584,672.68,6293, 58833, 60.29
MEESHO,EQ,10-Aug-2026,191.35,191.2,193.3,187.3,191.8,191.98,191.8,12452017,23882.92,70688, 7069345, 56.77
MEGAFLEX,SM,10-Aug-2026,100.0,100.0,100.0,100.0,100.0,100.0,100.0,1000,1.0,1, 1000, 100.00
MEGASTAR,EQ,10-Aug-2026,331.05,331.0,333.0,320.2,325.35,323.65,326.52,3436,11.22,314, 1468, 42.72
MEGATHERM,SM,10-Aug-2026,208.2,209.0,212.45,198.0,203.8,202.6,203.98,30000,61.19,75, 24800, 82.67
MEIL,EQ,10-Aug-2026,276.4,283.0,283.0,272.0,273.95,273.6,275.5,33291,91.72,1171, 23005, 69.10
MENNPIS,EQ,10-Aug-2026,74.07,74.43,75.49,72.8,75.1,74.55,74.38,52401,38.98,790, 29133, 55.60
MENONBE,BE,10-Aug-2026,237.35,242.1,249.0,242.1,247.8,246.55,246.15,83281,205.0,997, -, -
MEP,BZ,10-Aug-2026,0.57,0.58,0.58,0.58,0.58,0.58,0.58,20529,0.12,30, -, -
MERCANTILE,EQ,10-Aug-2026,25.09,25.1,25.71,24.4,24.8,24.77,24.72,3015,0.75,62, 2756, 91.41
MERCURYEV,EQ,10-Aug-2026,34.95,34.63,36.6,34.14,34.9,34.6,35.24,183867,64.8,2663, 105092, 57.16
METAL,EQ,10-Aug-2026,13.3,13.49,13.49,13.27,13.36,13.34,13.37,2251787,300.98,5966, 1322841, 58.75
METALIC,ST,10-Aug-2026,110.35,108.5,113.7,104.85,106.2,105.8,107.31,331200,355.41,148, 280000, 84.54
METALIETF,EQ,10-Aug-2026,13.27,12.93,13.39,12.93,13.3,13.28,13.33,8901964,1186.32,14321, 4403442, 49.47
METROBRAND,EQ,10-Aug-2026,972.5,985.0,988.7,964.0,968.0,967.2,973.93,37611,366.3,5723, 20671, 54.96
METROGLOBL,EQ,10-Aug-2026,134.49,138.0,138.0,130.0,130.0,130.21,131.07,1715,2.25,67, 1441, 84.02
METROPOLIS,EQ,10-Aug-2026,563.2,565.0,574.9,559.3,572.8,572.65,569.25,143107,814.63,8206, 91228, 63.75
MFML,EQ,10-Aug-2026,19.55,19.97,19.99,18.6,19.46,18.82,18.95,3861,0.73,86, 2574, 66.67
MFSL,EQ,10-Aug-2026,1497.4,1498.9,1523.0,1477.6,1514.5,1514.5,1493.63,353560,5280.86,19676, 191220, 54.08
MGEL,BE,10-Aug-2026,14.57,14.98,14.99,13.91,14.87,14.84,14.28,228204,32.6,361, -, -
MGL,EQ,10-Aug-2026,1139.6,1144.8,1159.2,1120.0,1121.2,1123.6,1131.75,313162,3544.2,20100, 199267, 63.63
MGSL,SM,10-Aug-2026,75.75,74.05,74.05,73.95,73.95,73.95,74.01,6000,4.44,5, 4800, 80.00
MHLXMIRU,EQ,10-Aug-2026,151.19,155.95,159.99,148.52,157.45,155.03,154.32,10047,15.5,438, 6740, 67.08
MHRIL,EQ,10-Aug-2026,229.66,229.5,236.15,226.05,229.0,230.31,230.31,141576,326.07,5247, 66506, 46.98
MICEL,BE,10-Aug-2026,37.08,37.0,37.29,36.5,37.14,37.03,36.91,127072,46.9,1108, -, -
MICROPRO,SM,10-Aug-2026,18.15,17.1,19.0,17.1,19.0,19.0,18.05,3200,0.58,2, 3200, 100.00
MID150,EQ,10-Aug-2026,23.76,23.76,23.93,23.67,23.93,23.87,23.86,88762,21.18,224, 76461, 86.14
MID150BEES,EQ,10-Aug-2026,241.58,241.58,243.5,240.57,242.94,242.85,242.87,809924,1967.07,9921, 565695, 69.85
MID150CASE,EQ,10-Aug-2026,11.8,11.79,12.04,11.5,11.85,11.81,11.81,1369940,161.84,5695, 981939, 71.68
MIDBANKADD,EQ,10-Aug-2026,17.4,17.83,17.83,17.35,17.4,17.4,17.38,18650,3.24,74, 17737, 95.10
MIDCAP,EQ,10-Aug-2026,18.57,18.75,18.77,18.47,18.69,18.58,18.63,472374,88.01,1162, 308040, 65.21
MIDCAPADD,EQ,10-Aug-2026,23.42,23.43,23.58,23.43,23.51,23.53,23.5,13656,3.21,42, 12137, 88.88
MIDCAPBETA,EQ,10-Aug-2026,236.76,236.76,238.9,234.39,236.9,236.9,237.13,1309,3.1,43, 1232, 94.12
MIDCAPETF,EQ,10-Aug-2026,23.9,23.42,24.49,23.42,24.0,23.96,23.97,1897842,454.92,7528, 1299751, 68.49
MIDCAPIETF,EQ,10-Aug-2026,24.15,24.13,24.35,24.12,24.34,24.28,24.23,1405616,340.58,3620, 695879, 49.51
MIDHANI,EQ,10-Aug-2026,435.15,434.95,443.7,429.1,433.5,434.15,437.61,710352,3108.57,19050, 307852, 43.34
MIDQ50ADD,EQ,10-Aug-2026,25.57,25.58,25.81,25.58,25.81,25.73,25.74,93397,24.04,186, 75156, 80.47
MIDSELIETF,EQ,10-Aug-2026,19.79,20.19,20.19,19.72,19.8,19.87,19.84,218932,43.43,844, 133095, 60.79
MIDSMALL,EQ,10-Aug-2026,52.01,52.24,52.47,52.08,52.31,52.31,52.29,469031,245.24,1023, 368976, 78.67
MIDWESTLTD,EQ,10-Aug-2026,1197.0,1197.0,1209.9,1179.9,1185.1,1187.1,1189.28,10929,129.98,916, 6078, 55.61
MIEL,SM,10-Aug-2026,13.1,13.0,13.0,13.0,13.0,13.0,13.0,2000,0.26,1, 2000, 100.00
MILTON,SM,10-Aug-2026,33.9,35.55,35.55,35.55,35.55,35.55,35.55,6600,2.35,3, 6600, 100.00
MINDACORP,EQ,10-Aug-2026,721.65,721.65,750.8,717.05,739.0,736.1,739.39,723210,5347.31,30938, 316867, 43.81
MINDSPACE,RR,10-Aug-2026,495.12,497.49,497.49,494.7,495.5,495.51,495.84,382552,1896.86,10787, 364256, 95.22
MINDTECK,EQ,10-Aug-2026,192.05,191.8,194.18,191.0,191.99,191.75,192.33,26823,51.59,1039, 12748, 47.53
MIRZAINT,EQ,10-Aug-2026,33.2,33.05,33.49,32.76,33.48,33.37,33.17,140133,46.48,1410, 70023, 49.97
MITCON,BE,10-Aug-2026,79.32,77.73,82.55,75.37,79.5,79.5,78.76,2248,1.77,38, -, -
MITTAL,EQ,10-Aug-2026,0.9,0.91,0.92,0.89,0.89,0.89,0.9,344180,3.09,303, 275539, 80.06
MKPL,EQ,10-Aug-2026,4.21,4.21,4.25,4.15,4.24,4.19,4.21,101128,4.26,382, 75751, 74.91
MMEL,ST,10-Aug-2026,29.95,28.5,28.6,28.5,28.6,28.6,28.53,6000,1.71,3, 4000, 66.67
MMFL,EQ,10-Aug-2026,629.1,627.0,664.0,620.55,659.95,658.25,652.41,308671,2013.81,19338, 166769, 54.03
MMP,EQ,10-Aug-2026,326.25,320.0,352.65,320.0,344.0,343.65,336.73,323912,1090.7,12544, 123639, 38.17
MMTC,EQ,10-Aug-2026,63.98,64.0,65.42,63.3,64.29,63.95,64.29,2320097,1491.63,12098, 710375, 30.62
MMWL,BE,10-Aug-2026,15.79,16.57,16.57,15.01,15.7,15.6,15.82,136426,21.58,197, -, -
MNC,EQ,10-Aug-2026,34.76,34.77,35.1,34.77,35.1,35.01,34.95,82665,28.89,590, 63692, 77.05
MOALPHA50,EQ,10-Aug-2026,55.75,55.75,56.3,55.24,56.2,56.04,56.02,15443,8.65,76, 12201, 79.01
MOBANK10,EQ,10-Aug-2026,17.08,17.2,17.2,16.96,17.04,17.03,17.02,11534,1.96,146, 8297, 71.94
MOBIKWIK,EQ,10-Aug-2026,200.3,200.9,209.4,200.32,207.3,206.68,206.3,3123248,6443.4,29708, 745823, 23.88
MOBILISE,ST,10-Aug-2026,115.9,115.0,118.4,112.1,113.1,113.1,113.15,38400,43.45,8, 38400, 100.00
MOCAPITAL,EQ,10-Aug-2026,52.43,53.48,53.48,51.93,53.39,53.16,52.98,3522001,1865.98,4518, 2618001, 74.33
MODEFENCE,EQ,10-Aug-2026,106.77,106.99,107.38,105.3,105.89,105.74,106.45,1709582,1819.8,11372, 788202, 46.10
MODINATUR,BE,10-Aug-2026,391.35,400.95,401.0,393.05,399.95,399.95,396.05,2594,10.27,42, -, -
MODIRUBBER,EQ,10-Aug-2026,126.08,125.0,125.5,120.55,124.65,122.64,122.75,1990,2.44,71, 412, 20.70
MODIS,EQ,10-Aug-2026,392.4,398.7,398.7,391.0,394.95,393.7,393.93,10617,41.82,444, 5737, 54.04
MODISONLTD,BE,10-Aug-2026,278.95,276.2,292.85,275.0,292.85,292.85,288.17,89729,258.57,686, -, -
MODTHREAD,EQ,10-Aug-2026,48.24,45.01,47.9,45.01,46.41,46.26,46.93,1990,0.93,35, 1885, 94.72
MOENERGY,EQ,10-Aug-2026,38.84,39.38,39.38,38.71,38.89,38.83,38.86,109418,42.52,891, 93086, 85.07
MOGOLD,EQ,10-Aug-2026,147.45,148.4,149.45,147.05,148.85,148.7,148.69,48744,72.48,938, 20302, 41.65
MOGSEC,EQ,10-Aug-2026,65.62,65.62,66.6,65.35,65.35,65.51,65.95,7475,4.93,238, 5320, 71.17
MOHEALTH,EQ,10-Aug-2026,52.1,52.3,52.58,51.86,52.11,52.02,52.15,47762,24.91,762, 35138, 73.57
MOHITIND,EQ,10-Aug-2026,27.3,27.01,27.85,26.0,26.0,26.09,26.88,70320,18.9,632, 35676, 50.73
MOIL,EQ,10-Aug-2026,278.15,279.0,285.4,276.9,283.4,283.85,282.84,672701,1902.66,11163, 234725, 34.89
MOINFRA,EQ,10-Aug-2026,60.7,60.57,60.7,60.16,60.5,60.39,60.39,2617,1.58,114, 2469, 94.34
MOIPO,EQ,10-Aug-2026,48.27,48.3,48.52,48.08,48.15,48.37,48.28,4014,1.94,54, 2348, 58.50
MOKSH,EQ,10-Aug-2026,11.05,10.7,11.15,10.36,10.73,10.55,10.68,77490,8.28,591, 44318, 57.19
MOL,EQ,10-Aug-2026,52.62,53.0,59.2,52.7,58.71,58.39,57.3,6444912,3692.9,32456, 1975683, 30.65
MOLDTECH,EQ,10-Aug-2026,191.41,189.98,203.86,182.91,190.0,192.09,196.33,575571,1130.04,11486, 313629, 54.49
MOLDTKPAC,EQ,10-Aug-2026,685.35,685.35,688.2,677.65,681.0,681.6,681.88,36219,246.97,2222, 20707, 57.17
MOLOWVOL,EQ,10-Aug-2026,37.56,37.56,37.62,37.51,37.6,37.58,37.59,2472,0.93,57, 2136, 86.41
MOM100,EQ,10-Aug-2026,68.02,66.8,69.0,66.31,68.87,68.78,68.72,365530,251.21,3437, 252853, 69.17
MOM30IETF,EQ,10-Aug-2026,31.49,31.58,31.91,31.54,31.63,31.75,31.76,974576,309.55,2156, 670344, 68.78
MOM50,EQ,10-Aug-2026,258.3,258.3,258.3,256.75,258.0,257.72,257.72,2626,6.77,187, 1994, 75.93
MOMENTUM,EQ,10-Aug-2026,31.42,31.42,31.82,31.16,31.8,31.57,31.57,85747,27.07,274, 61484, 71.70
MOMENTUM30,EQ,10-Aug-2026,30.76,31.07,31.39,31.01,31.31,31.32,31.29,65520,20.5,95, 35603, 54.34
MOMENTUM50,EQ,10-Aug-2026,54.0,55.08,55.08,53.6,54.28,54.17,54.18,409487,221.85,2003, 269792, 65.89
MOMETAL,EQ,10-Aug-2026,13.19,13.32,13.32,13.19,13.3,13.24,13.27,5055,0.67,26, 5055, 100.00
MOMGF,EQ,10-Aug-2026,167.9,171.26,171.26,166.14,166.97,166.63,166.79,633,1.06,42, 633, 100.00
MOMIDMTM,EQ,10-Aug-2026,64.81,64.91,65.38,64.21,65.06,65.17,64.97,106862,69.42,362, 94493, 88.43
MOMMIDCAP,EQ,10-Aug-2026,12.9,12.93,14.99,12.9,12.98,12.98,12.95,3629242,469.92,841, 2446022, 67.40
MOMNC,EQ,10-Aug-2026,33.74,33.74,33.95,33.72,33.88,33.87,33.77,26180,8.84,42, 26145, 99.87
MOMOMENTUM,EQ,10-Aug-2026,62.57,62.57,63.48,62.55,63.38,63.29,63.13,98515,62.19,539, 67262, 68.28
MON100,EQ,10-Aug-2026,328.99,328.08,328.08,328.08,328.08,328.08,328.08,112568,369.31,1222, 112568, 100.00
MON50EQUAL,EQ,10-Aug-2026,34.21,34.21,34.76,34.06,34.4,34.4,34.23,9978,3.42,73, 8978, 89.98
MONARCH,EQ,10-Aug-2026,390.65,393.85,399.0,384.0,393.0,393.15,392.05,196910,771.99,3100, 107120, 54.40
MONEXT50,EQ,10-Aug-2026,74.87,75.85,75.85,74.37,74.94,74.85,74.75,10171,7.6,106, 6433, 63.25
MONEYBOXX,EQ,10-Aug-2026,61.05,62.85,63.4,61.0,61.05,61.05,61.27,2828,1.73,46, 2692, 95.19
MONIFTY100,EQ,10-Aug-2026,25.88,25.92,26.3,25.81,26.1,26.03,25.9,49675,12.86,60, 39266, 79.05
MONIFTY500,EQ,10-Aug-2026,24.28,24.28,24.39,24.2,24.29,24.27,24.32,415019,100.91,1860, 278443, 67.09
MONOLITH,SM,10-Aug-2026,928.2,932.0,932.0,882.0,882.0,891.45,905.78,54750,495.91,103, 48500, 88.58
MONOPHARMA,SM,10-Aug-2026,7.85,7.85,7.85,7.5,7.5,7.6,7.67,28000,2.15,14, 18000, 64.29
MONQ50,EQ,10-Aug-2026,144.28,144.74,144.74,144.74,144.74,144.74,144.74,15055,21.79,163, 15055, 100.00
MONTECARLO,EQ,10-Aug-2026,499.7,500.0,513.4,495.7,509.5,505.65,507.31,56719,287.74,2860, 33843, 59.67
MOOILGAS,EQ,10-Aug-2026,11.25,11.3,11.31,11.24,11.3,11.28,11.28,3215,0.36,45, 3161, 98.32
MOPSE,EQ,10-Aug-2026,101.3,101.3,105.95,99.8,105.9,101.58,100.66,2941,2.96,71, 2922, 99.35
MOQUALITY,EQ,10-Aug-2026,207.3,208.33,208.33,206.78,207.8,207.48,207.39,7012,14.54,29, 6393, 91.17
MORARJEE,BZ,10-Aug-2026,11.24,10.98,11.24,10.68,10.68,10.68,11.03,47758,5.27,36, -, -
MOREALTY,EQ,10-Aug-2026,89.03,89.49,90.72,88.5,90.65,90.52,90.02,822755,740.66,2789, 487492, 59.25
MOREPENLAB,EQ,10-Aug-2026,80.25,80.7,82.0,78.11,80.1,79.16,79.96,15288954,12225.36,41147, 4542883, 29.71
MOS,ST,10-Aug-2026,10.2,10.1,10.6,10.0,10.6,10.6,10.37,56000,5.81,14, 44000, 78.57
MOSCHIP,EQ,10-Aug-2026,206.77,206.72,207.04,203.5,204.85,204.42,204.83,1074715,2201.3,14691, 577607, 53.75
MOSERVICE,EQ,10-Aug-2026,31.77,31.62,31.77,31.46,31.7,31.55,31.53,9223,2.91,59, 9221, 99.98
MOSILVER,EQ,10-Aug-2026,227.17,227.98,228.99,226.25,227.22,227.87,227.54,68464,155.79,1246, 10859, 15.86
MOSMALL250,EQ,10-Aug-2026,18.47,18.93,18.93,18.33,18.44,18.42,18.47,1097982,202.79,3008, 644930, 58.74
MOTHERSON,EQ,10-Aug-2026,168.5,170.0,172.0,167.16,167.99,167.99,169.48,29875145,50631.06,159995, 8373335, 28.03
MOTILALOFS,EQ,10-Aug-2026,870.0,868.0,886.5,862.0,882.0,882.0,877.01,693336,6080.61,22840, 317256, 45.76
MOTISONS,EQ,10-Aug-2026,13.96,14.2,14.6,13.94,14.07,14.08,14.27,33936672,4842.44,33198, 7882581, 23.23
MOTOGENFIN,BE,10-Aug-2026,25.81,26.0,26.8,25.81,26.5,26.55,26.28,8160,2.14,47, -, -
MOTOUR,EQ,10-Aug-2026,80.98,80.98,81.28,80.6,80.6,80.85,80.95,27064,21.91,206, 19621, 72.50
MOVALUE,EQ,10-Aug-2026,116.06,115.14,116.59,115.0,115.39,115.15,115.47,61773,71.33,1075, 40539, 65.63
MPHASIS,EQ,10-Aug-2026,2475.0,2487.4,2518.7,2480.0,2508.0,2508.0,2505.21,598933,15004.51,28050, 298155, 49.78
MPSLTD,EQ,10-Aug-2026,2931.2,2950.0,2979.0,2850.2,2864.0,2864.4,2909.33,55546,1616.02,8955, 28730, 51.72
MRF,EQ,10-Aug-2026,134190.0,134000.0,134895.0,133600.0,133870.0,133850.0,134140.35,2359,3164.37,1653, 1233, 52.27
MRPL,EQ,10-Aug-2026,167.01,167.26,167.4,162.25,162.5,162.96,163.61,2663850,4358.26,19184, 1193701, 44.81
MSCI360,EQ,10-Aug-2026,10.35,10.35,10.35,10.25,10.27,10.33,10.28,4073,0.42,21, 3553, 87.23
MSCIADD,EQ,10-Aug-2026,30.16,30.06,33.14,29.43,30.0,30.91,30.47,1884,0.57,26, 1448, 76.86
MSCIINDIA,EQ,10-Aug-2026,30.48,30.42,30.56,30.37,30.48,30.48,30.48,20695,6.31,89, 19893, 96.12
MSPL,EQ,10-Aug-2026,36.01,36.01,36.02,35.12,35.73,35.6,35.6,377372,134.33,2394, 214807, 56.92
MSTCLTD,EQ,10-Aug-2026,591.25,581.0,589.4,580.2,582.8,582.25,583.56,139779,815.7,5449, 78188, 55.94
MSUMI,EQ,10-Aug-2026,41.16,41.5,41.89,41.0,41.03,41.04,41.4,6173255,2555.85,24826, 2799757, 45.35
MTARTECH,BE,10-Aug-2026,7085.5,6940.0,7000.0,6751.5,6880.0,6940.0,6873.58,148338,10196.13,20148, -, -
MTEDUCARE,BE,10-Aug-2026,1.99,2.08,2.08,1.91,1.94,1.95,2.04,43005,0.88,97, -, -
MTNL,EQ,10-Aug-2026,27.81,27.82,27.83,27.4,27.47,27.51,27.63,483557,133.58,3125, 223280, 46.17
MUFIN,EQ,10-Aug-2026,137.19,137.49,138.4,135.6,137.5,137.79,137.3,862614,1184.38,5003, 359422, 41.67
MUFTI,EQ,10-Aug-2026,86.02,85.6,89.0,84.51,87.99,86.95,87.65,218489,191.5,3106, 105762, 48.41
MUKANDLTD,EQ,10-Aug-2026,143.22,143.0,145.0,140.22,141.75,141.14,142.62,113668,162.12,2299, 61729, 54.31
MUKKA,EQ,10-Aug-2026,23.41,23.59,24.35,23.33,23.98,24.01,24.0,372812,89.46,1523, 192425, 51.61
MUKTAARTS,BE,10-Aug-2026,57.0,54.55,55.0,54.3,55.0,55.0,54.97,10743,5.91,37, -, -
MULTICAP,EQ,10-Aug-2026,16.99,17.3,17.3,16.96,16.99,17.0,17.01,99939,17.0,629, 59123, 59.16
MUNISH,SM,10-Aug-2026,81.05,87.0,88.0,85.1,87.9,87.25,86.94,129600,112.67,22, 122400, 94.44
MUNJALAU,EQ,10-Aug-2026,102.46,102.8,104.94,100.46,101.71,102.11,102.71,229607,235.82,2794, 91006, 39.64
MUNJALSHOW,EQ,10-Aug-2026,134.21,136.4,137.17,134.7,135.6,136.12,136.19,87085,118.6,1207, 56883, 65.32
MURUDCERA,EQ,10-Aug-2026,31.1,31.1,31.94,31.0,31.65,31.52,31.47,31614,9.95,215, 24629, 77.91
MUTHOOTCAP,EQ,10-Aug-2026,259.21,257.92,261.49,255.0,258.0,256.12,258.26,14034,36.24,513, 6639, 47.31
MUTHOOTFIN,EQ,10-Aug-2026,2890.0,2905.0,2938.4,2886.0,2906.0,2906.0,2915.76,919536,26811.48,43407, 516921, 56.22
MUTHOOTMF,EQ,10-Aug-2026,214.02,215.5,220.31,211.18,218.3,218.45,216.11,646868,1397.93,11830, 292107, 45.16
MVELECTRO,EQ,10-Aug-2026,611.7,600.0,644.8,595.5,618.0,614.8,624.38,5245199,32749.96,136011, 817941, 15.59
MVGJL,EQ,10-Aug-2026,169.95,169.5,174.5,169.5,173.9,172.52,172.36,52628,90.71,1480, 31791, 60.41
MVKAGRO,SM,10-Aug-2026,242.1,232.0,254.2,232.0,254.2,254.2,243.51,538800,1312.03,680, 340800, 63.25
MWL,EQ,10-Aug-2026,42.3,42.95,43.39,40.52,41.35,40.92,41.52,437191,181.51,2232, 169108, 38.68
MYMUDRA,SM,10-Aug-2026,80.0,80.0,80.0,77.1,79.95,79.95,78.68,7200,5.67,6, 6000, 83.33
NACLIND,EQ,10-Aug-2026,177.36,177.36,181.85,173.89,178.0,177.98,177.71,1179353,2095.88,8984, 866789, 73.50
NAGAFERT,BZ,10-Aug-2026,2.49,2.37,2.37,2.37,2.37,2.37,2.37,203148,4.81,349, -, -
NAGREEKCAP,EQ,10-Aug-2026,22.46,21.81,23.99,21.81,23.22,23.18,23.45,12938,3.03,84, 11510, 88.96
NAGREEKEXP,EQ,10-Aug-2026,22.67,22.06,23.4,21.82,22.44,22.22,22.32,77099,17.21,504, 17101, 22.18
NAHARCAP,EQ,10-Aug-2026,266.64,272.0,272.0,263.81,263.85,263.94,266.18,5179,13.79,146, 3475, 67.10
NAHARINDUS,EQ,10-Aug-2026,127.72,128.5,135.45,127.4,130.0,130.44,131.94,147014,193.97,1863, 100187, 68.15
NAHARPOLY,EQ,10-Aug-2026,237.0,235.2,252.0,235.2,245.15,247.5,242.54,50112,121.54,1150, 34225, 68.30
NAHARSPING,EQ,10-Aug-2026,316.25,320.0,324.45,305.0,307.7,307.1,316.5,37947,120.1,1424, 23582, 62.14
NAM-INDIA,EQ,10-Aug-2026,1176.0,1176.0,1189.9,1167.9,1174.0,1174.0,1178.85,457254,5390.34,26072, 232311, 50.81
NAMAN,SM,10-Aug-2026,43.75,42.9,42.9,41.6,42.15,42.15,42.08,4000,1.68,3, 4000, 100.00
NAMOEWASTE,ST,10-Aug-2026,275.1,270.0,279.95,270.0,270.0,270.0,271.18,21600,58.58,21, 20800, 96.30
NARMADA,EQ,10-Aug-2026,13.89,13.89,14.0,13.53,13.66,13.67,13.75,747959,102.86,2246, 253731, 33.92
NATCAPSUQ,EQ,10-Aug-2026,155.04,163.0,181.9,160.8,168.4,170.18,170.66,103643,176.88,2443, 52411, 50.57
NATCOPHARM,EQ,10-Aug-2026,916.65,917.6,932.5,905.6,910.9,910.5,918.99,199069,1829.42,15873, 94613, 47.53
NATHBIOGEN,EQ,10-Aug-2026,157.68,158.0,158.0,152.39,157.22,156.17,156.19,19753,30.85,485, 12678, 64.18
NATIONALUM,EQ,10-Aug-2026,381.0,381.7,387.7,381.1,382.7,382.7,384.97,5292453,20374.44,52467, 1828058, 34.54
NATIONSTD,EQ,10-Aug-2026,191.85,182.26,182.26,182.26,182.26,182.26,182.26,2998,5.46,157, 2998, 100.00
NAUKRI,EQ,10-Aug-2026,1225.3,1240.1,1298.5,1236.7,1282.0,1282.0,1270.33,5801604,73699.53,168389, 2285657, 39.40
NAVA,EQ,10-Aug-2026,581.85,579.8,584.8,573.85,576.95,577.15,577.58,169726,980.31,9426, 94519, 55.69
NAVINFLUOR,EQ,10-Aug-2026,8271.0,8270.0,8308.0,8175.0,8209.0,8196.5,8211.08,190608,15650.98,39544, 105693, 55.45
NAVKARCORP,EQ,10-Aug-2026,99.62,100.5,102.79,99.6,101.3,100.66,101.4,271062,274.87,2776, 129220, 47.67
NAVKARURB,BE,10-Aug-2026,1.0,1.01,1.01,0.99,0.99,0.99,1.0,293105,2.93,230, -, -
NAVNETEDUL,EQ,10-Aug-2026,133.87,134.5,135.08,131.32,132.1,132.02,132.87,188875,250.96,3299, 117771, 62.35
NAZARA,EQ,10-Aug-2026,352.35,351.55,362.0,350.55,356.0,354.5,356.94,3596576,12837.59,30310, 1629803, 45.32
NBCC,EQ,10-Aug-2026,95.33,95.25,95.55,94.33,94.85,94.85,94.88,3905923,3706.03,24010, 1421931, 36.40
NBIFIN,EQ,10-Aug-2026,2120.1,2123.0,2188.0,2123.0,2156.0,2152.9,2162.34,373,8.07,68, 307, 82.31
NCC,EQ,10-Aug-2026,145.59,146.3,147.95,144.66,146.0,146.45,146.23,2542734,3718.17,20277, 1383249, 54.40
NCLIND,EQ,10-Aug-2026,179.74,179.98,180.85,172.1,174.0,174.08,174.9,124909,218.46,3630, 85074, 68.11
NDGL,EQ,10-Aug-2026,2652.3,2652.3,2720.0,2600.0,2700.0,2700.0,2667.35,152,4.05,37, 120, 78.95
NDL,EQ,10-Aug-2026,2.32,2.34,2.37,2.31,2.32,2.32,2.33,1043089,24.32,1061, 688140, 65.97
NDLVENTURE,EQ,10-Aug-2026,129.79,127.0,133.99,127.0,129.99,129.37,128.89,5044,6.5,96, 4696, 93.10
NDRAUTO,EQ,10-Aug-2026,828.9,828.95,884.45,801.1,852.3,848.2,849.62,276687,2350.8,16447, 56199, 20.31
NDTV,EQ,10-Aug-2026,76.87,76.81,76.81,75.17,76.2,76.14,76.06,71127,54.1,1072, 36520, 51.34
NEAGI,EQ,10-Aug-2026,3111.9,3150.0,3159.4,3099.9,3159.4,3159.4,3136.67,97,3.04,12, 71, 73.20
NECCLTD,BE,10-Aug-2026,15.23,15.1,15.55,14.65,15.09,14.88,15.0,42314,6.35,181, -, -
NECLIFE,BE,10-Aug-2026,10.58,10.72,10.72,10.37,10.5,10.49,10.46,90337,9.45,285, -, -
NEELAM,SM,10-Aug-2026,8.5,8.15,8.15,8.15,8.15,8.15,8.15,6000,0.49,1, 6000, 100.00
NELCAST,EQ,10-Aug-2026,125.61,125.66,126.09,123.13,125.2,124.75,124.64,62261,77.6,1596, 31563, 50.69
NELCO,EQ,10-Aug-2026,958.9,968.0,1011.5,960.2,1004.9,1007.6,1000.02,790801,7908.13,22061, 208147, 26.32
NEOCHEM,ST,10-Aug-2026,91.0,89.7,89.7,89.7,89.7,89.7,89.7,1200,1.08,1, 1200, 100.00
NEOGEN,EQ,10-Aug-2026,2031.9,2055.2,2207.0,2036.6,2175.0,2182.8,2157.14,505237,10898.64,63188, 180022, 35.63
NEPHROCARE,ST,10-Aug-2026,75.8,79.55,79.55,79.55,79.55,79.55,79.55,105600,84.0,28, 105600, 100.00
NEPHROPLUS,EQ,10-Aug-2026,694.15,699.9,709.45,683.3,699.95,697.7,699.1,80174,560.49,8755, 40124, 50.05
NEPTUNE,SM,10-Aug-2026,186.0,186.0,190.0,186.0,189.0,189.0,188.75,2000,3.78,4, 2000, 100.00
NESCO,EQ,10-Aug-2026,1047.1,1055.7,1057.8,1041.8,1044.4,1045.4,1047.42,10593,110.95,1771, 5583, 52.70
NESTLEIND,EQ,10-Aug-2026,1540.0,1534.1,1547.5,1520.0,1528.6,1528.6,1529.82,1455200,22261.95,48269, 946975, 65.08
NETF,EQ,10-Aug-2026,268.32,261.61,269.32,261.61,267.1,267.61,267.53,2423,6.48,206, 1464, 60.42
NETWEB,EQ,10-Aug-2026,4939.2,4958.0,5085.0,4888.8,4899.8,4903.0,4985.0,1210476,60342.21,82197, 282984, 23.38
NETWORK18,EQ,10-Aug-2026,29.56,29.43,29.51,29.01,29.32,29.32,29.23,1639397,479.17,6136, 795551, 48.53
NEUEON,BE,10-Aug-2026,14.84,14.1,14.1,14.1,14.1,14.1,14.1,4321,0.61,21, -, -
NEULANDLAB,EQ,10-Aug-2026,22855.0,22915.0,23054.0,22123.0,22250.0,22216.0,22387.49,88424,19795.91,29701, 33052, 37.38
NEWGEN,EQ,10-Aug-2026,551.0,551.0,571.85,545.45,563.25,563.2,563.51,1426876,8040.6,36488, 466851, 32.72
NEWJAISA,ST,10-Aug-2026,16.2,16.15,16.5,16.15,16.5,16.5,16.48,31500,5.19,10, 31500, 100.00
NEXT30ADD,EQ,10-Aug-2026,44.26,45.15,45.39,43.91,44.2,44.2,44.26,8361,3.7,94, 4969, 59.43
NEXT50,EQ,10-Aug-2026,770.55,785.96,785.96,769.36,772.39,771.91,771.94,12618,97.4,745, 8590, 68.08
NEXT50ADD,EQ,10-Aug-2026,75.23,76.77,76.77,75.01,75.29,75.27,75.13,4751,3.57,44, 2840, 59.78
NEXT50BETA,EQ,10-Aug-2026,80.47,82.48,82.48,80.07,80.75,80.5,80.61,266238,214.6,979, 211856, 79.57
NEXT50ETF,EQ,10-Aug-2026,74.97,75.5,75.5,75.08,75.45,75.42,75.36,5541,4.18,98, 4895, 88.34
NEXT50IETF,EQ,10-Aug-2026,78.67,79.44,79.44,78.52,79.0,78.94,78.86,816833,644.19,6437, 557501, 68.25
NEXTMEDIA,EQ,10-Aug-2026,3.95,4.04,4.04,3.73,3.79,3.8,3.84,9573,0.37,77, 7898, 82.50
NFL,EQ,10-Aug-2026,71.91,71.91,73.0,71.64,72.37,72.47,72.43,556990,403.42,3367, 238615, 42.84
NFPSAMPOOR,SM,10-Aug-2026,23.05,23.55,23.55,22.55,23.3,23.3,22.76,24000,5.46,11, 16000, 66.67
NGIL,BE,10-Aug-2026,39.04,39.0,39.68,37.09,39.68,39.68,37.88,21210,8.03,64, -, -
NGLFINE,EQ,10-Aug-2026,3403.6,3403.6,3520.0,3369.0,3420.0,3457.8,3456.19,7370,254.72,2068, 3579, 48.56
NH,EQ,10-Aug-2026,1885.1,1893.8,1898.9,1830.0,1840.9,1834.6,1851.04,564971,10457.81,60907, 379455, 67.16
NHIT,IV,10-Aug-2026,164.0,171.0,171.0,171.0,171.0,171.0,171.0,50000,85.5,1, 50000, 100.00
NHPC,EQ,10-Aug-2026,76.92,76.92,77.5,76.6,77.2,77.2,77.0,6092987,4691.66,22898, 2630494, 43.17
NIACL,EQ,10-Aug-2026,177.11,177.75,180.19,174.8,179.3,179.56,178.15,1020248,1817.62,14619, 241371, 23.66
NIBE,EQ,10-Aug-2026,1419.0,1415.1,1416.7,1377.6,1403.9,1399.5,1394.39,39874,556.0,3118, 22294, 55.91
NIBL,EQ,10-Aug-2026,34.72,36.2,36.2,31.0,32.99,32.86,33.47,24328,8.14,286, 19070, 78.39
NIDAN,SM,10-Aug-2026,13.45,13.4,13.4,13.4,13.4,13.4,13.4,1000,0.13,1, 1000, 100.00
NIF100BEES,EQ,10-Aug-2026,274.78,272.25,275.76,272.25,273.1,273.47,273.5,62937,172.14,799, 55433, 88.08
NIF100IETF,EQ,10-Aug-2026,28.72,28.72,28.78,28.6,28.78,28.71,28.69,84621,24.28,3350, 69024, 81.57
NIFTY1,EQ,10-Aug-2026,271.82,273.71,274.99,271.12,272.77,272.85,272.96,74803,204.18,1994, 50522, 67.54
NIFTY100EW,EQ,10-Aug-2026,36.04,35.32,36.67,35.32,36.05,36.06,36.07,32118,11.59,224, 25239, 78.58
NIFTYADD,EQ,10-Aug-2026,258.71,258.25,260.0,258.22,258.91,259.24,259.15,12681,32.86,214, 11637, 91.77
NIFTYAXIS,EQ,10-Aug-2026,268.89,274.27,274.27,271.47,272.0,272.45,272.54,15678,42.73,350, 6873, 43.84
NIFTYBEES,EQ,10-Aug-2026,279.83,280.69,280.69,279.22,280.69,280.46,280.22,6594652,18479.36,53974, 4412201, 66.91
NIFTYBETA,EQ,10-Aug-2026,272.76,270.55,274.98,270.55,272.5,272.76,272.82,40457,110.38,868, 27598, 68.22
NIFTYBETF,EQ,10-Aug-2026,252.43,254.95,254.95,252.15,252.77,253.25,253.11,1503,3.8,100, 817, 54.36
NIFTYCASE,EQ,10-Aug-2026,9.88,10.12,10.12,9.83,9.87,9.85,9.85,1445677,142.4,2040, 1200804, 83.06
NIFTYETF,EQ,10-Aug-2026,267.49,260.8,268.1,260.8,267.35,267.72,267.79,136773,366.26,1028, 120778, 88.31
NIFTYIETF,EQ,10-Aug-2026,278.25,281.03,281.03,278.25,279.1,279.5,279.06,427679,1193.48,25305, 304353, 71.16
NIFTYQLITY,EQ,10-Aug-2026,22.01,21.57,22.28,21.57,22.08,22.06,22.05,79574,17.54,436, 56933, 71.55
NIITLTD,EQ,10-Aug-2026,95.07,95.49,96.75,95.18,95.65,96.34,96.24,177117,170.45,2051, 79223, 44.73
NIITMTS,EQ,10-Aug-2026,242.79,243.65,252.0,239.84,251.6,249.81,247.18,148057,365.97,4629, 90384, 61.05
NIKITA,SM,10-Aug-2026,73.05,73.05,73.3,72.1,73.2,73.1,72.95,134400,98.04,19, 134400, 100.00
NILAINFRA,EQ,10-Aug-2026,7.47,7.47,7.55,7.42,7.43,7.42,7.44,130211,9.69,436, 113603, 87.25
NILASPACES,EQ,10-Aug-2026,12.27,12.2,12.45,11.38,11.99,11.93,11.94,1468182,175.35,1680, 1040186, 70.85
NILE,EQ,10-Aug-2026,1547.8,1532.0,1568.0,1469.0,1491.6,1483.4,1516.14,9430,142.97,1361, 6200, 65.75
NILKAMAL,EQ,10-Aug-2026,1746.3,1741.9,1757.3,1710.0,1721.0,1731.3,1733.66,26819,464.95,3886, 12761, 47.58
NIMBSPROJ,BE,10-Aug-2026,182.0,190.8,190.8,178.0,178.0,178.0,179.52,1058,1.9,31, -, -
NINSYS,BE,10-Aug-2026,739.1,739.0,744.95,716.0,742.9,740.7,735.96,1183,8.71,97, -, -
NIPPOBATRY,EQ,10-Aug-2026,327.1,333.0,333.0,322.6,326.4,325.4,325.66,1669,5.44,130, 1089, 65.25
NIRAJ,BE,10-Aug-2026,29.32,29.32,29.74,29.02,29.4,29.37,29.57,34757,10.28,77, -, -
NIRAJISPAT,EQ,10-Aug-2026,216.0,216.0,216.0,181.0,199.4,199.41,200.87,129,0.26,17, 119, 92.25
NIRLON,EQ,10-Aug-2026,620.0,623.8,650.0,620.0,630.0,633.2,634.43,93320,592.05,3841, 7850, 8.41
NIRMAN,SM,10-Aug-2026,34.0,34.05,35.95,32.9,32.9,33.0,33.09,65400,21.64,139, 58800, 89.91
NITCO,EQ,10-Aug-2026,99.28,98.81,100.99,96.35,96.94,96.91,98.06,777987,762.89,7122, 399749, 51.38
NITINSPIN,EQ,10-Aug-2026,577.4,587.45,599.0,555.8,556.0,558.75,572.6,647398,3706.99,19858, 235190, 36.33
NITIRAJ,EQ,10-Aug-2026,208.68,208.68,218.0,202.9,210.2,210.61,209.69,5109,10.71,131, 4205, 82.31
NITTAGELA,EQ,10-Aug-2026,1722.9,1722.9,1732.3,1662.5,1662.5,1681.7,1695.65,4569,77.47,740, 2989, 65.42
NIVABUPA,EQ,10-Aug-2026,86.19,86.01,86.94,84.51,86.1,86.39,86.12,659385,567.86,12070, 300581, 45.59
NKIND,EQ,10-Aug-2026,60.95,66.59,66.59,61.93,64.0,63.99,64.05,886,0.57,25, 532, 60.05
NLCINDIA,EQ,10-Aug-2026,304.4,289.1,291.3,282.25,285.3,285.35,286.73,8428275,24166.09,139983, 3959320, 46.98
NMDC,EQ,10-Aug-2026,84.92,84.96,86.99,84.71,85.48,85.48,85.92,21296974,18298.14,71736, 7690140, 36.11
NOCIL,EQ,10-Aug-2026,168.65,169.97,169.97,166.01,167.0,167.06,168.16,309856,521.06,5642, 141050, 45.52
NOIDATOLL,BE,10-Aug-2026,4.36,4.54,4.54,4.15,4.18,4.22,4.18,290266,12.14,443, -, -
NORBTEAEXP,EQ,10-Aug-2026,64.23,64.23,67.44,61.5,67.44,66.93,65.04,4870,3.17,69, 3397, 69.75
NORTHARC,EQ,10-Aug-2026,276.25,279.8,289.35,277.45,285.5,285.35,284.96,632030,1801.02,10064, 350221, 55.41
NOVAAGRI,BE,10-Aug-2026,23.18,23.49,24.33,23.4,24.33,24.32,23.96,69758,16.71,314, -, -
NOVARTIND,EQ,10-Aug-2026,1609.6,1617.7,1635.0,1590.0,1603.8,1607.4,1612.53,8299,133.82,1205, 4593, 55.34
NPBET,EQ,10-Aug-2026,283.78,286.61,290.75,283.04,290.75,290.75,284.27,568,1.61,27, 332, 58.45
NPST,EQ,10-Aug-2026,1505.4,1518.0,1616.0,1484.6,1552.0,1564.9,1546.98,109687,1696.84,6102, 72159, 65.79
NRAIL,EQ,10-Aug-2026,544.55,542.0,545.0,520.7,527.05,527.75,533.71,24114,128.7,1506, 13754, 57.04
NRBBEARING,EQ,10-Aug-2026,461.5,464.4,481.9,443.3,480.9,478.25,466.84,2221146,10369.12,50848, 719530, 32.39
NRL,BE,10-Aug-2026,116.9,114.57,115.02,114.57,115.02,115.02,114.79,111173,127.61,229, -, -
NRVANDANA,ST,10-Aug-2026,68.25,68.25,68.25,68.2,68.25,68.25,68.25,39000,26.62,12, 39000, 100.00
NSIL,EQ,10-Aug-2026,5655.0,5660.0,5830.0,5655.0,5706.0,5711.0,5754.81,3610,207.75,601, 2212, 61.27
NSLNISP,EQ,10-Aug-2026,43.84,44.0,45.07,43.75,44.89,44.67,44.65,4122023,1840.68,17848, 1946552, 47.22
NTPC,EQ,10-Aug-2026,342.5,342.5,343.7,337.15,340.45,340.45,339.83,8818488,29967.83,90393, 5655052, 64.13
NTPCGREEN,EQ,10-Aug-2026,91.5,91.96,92.42,91.3,91.94,91.88,91.86,2303600,2116.04,15877, 1262265, 54.80
NUCLEUS,EQ,10-Aug-2026,698.25,709.0,711.55,695.2,698.0,699.95,702.44,19504,137.0,1634, 8677, 44.49
NURECA,EQ,10-Aug-2026,342.6,339.9,345.0,326.0,345.0,334.25,332.34,32252,107.19,1886, 18148, 56.27
NUVAMA,EQ,10-Aug-2026,1642.7,1614.9,1647.8,1578.6,1647.8,1635.6,1611.08,1023826,16494.67,50027, 606427, 59.23
NUVOCO,EQ,10-Aug-2026,345.8,345.8,348.75,337.0,337.5,337.9,339.93,315384,1072.07,11014, 163503, 51.84
NV20,EQ,10-Aug-2026,14.24,14.24,14.34,14.22,14.3,14.29,14.28,105086,15.0,271, 69690, 66.32
NV20BEES,EQ,10-Aug-2026,142.88,140.02,143.42,140.02,142.2,142.47,142.64,15281,21.8,292, 9730, 63.67
NV20IETF,EQ,10-Aug-2026,13.91,14.1,14.1,13.87,13.92,13.9,13.91,323832,45.06,2963, 187168, 57.80
NXST,RR,10-Aug-2026,168.11,168.98,169.25,167.91,168.9,168.93,168.44,634073,1068.04,6531, 587841, 92.71
NYKAA,EQ,10-Aug-2026,332.0,332.0,332.65,323.05,323.7,323.7,327.58,7334757,24027.29,46460, 4655944, 63.48
OAL,EQ,10-Aug-2026,378.5,378.5,385.0,370.0,375.0,378.35,377.39,24881,93.9,950, 18885, 75.90
OBCL,EQ,10-Aug-2026,53.5,54.79,54.8,53.0,53.25,53.48,53.52,2449,1.31,75, 1280, 52.27
OBEROIRLTY,EQ,10-Aug-2026,1775.0,1775.0,1803.4,1764.0,1793.0,1793.0,1789.54,203943,3649.63,25607, 107988, 52.95
OBSCP,SM,10-Aug-2026,749.0,753.0,805.0,753.0,787.5,782.9,788.23,88800,699.95,211, 57200, 64.41
OCCLLTD,BE,10-Aug-2026,157.09,158.2,163.66,152.1,153.6,156.19,156.55,67346,105.43,535, -, -
ODIGMA,BE,10-Aug-2026,23.13,23.13,23.45,22.52,22.92,22.73,22.72,11816,2.68,262, -, -
OFSS,EQ,10-Aug-2026,11805.0,11805.0,11912.0,11653.0,11890.0,11890.0,11755.64,122766,14431.93,19821, 46050, 37.51
OIL,EQ,10-Aug-2026,442.8,450.0,462.45,448.5,453.0,453.0,454.63,8392933,38156.84,68560, 2502998, 29.82
OILCOUNTUB,BE,10-Aug-2026,60.73,60.74,61.02,59.8,61.0,61.0,60.22,11327,6.82,91, -, -
OILIETF,EQ,10-Aug-2026,11.47,11.75,11.75,11.4,11.44,11.43,11.45,3064958,350.95,2782, 2448152, 79.88
OLAELEC,EQ,10-Aug-2026,41.07,39.85,41.0,38.85,39.32,39.3,39.91,62349277,24885.55,95846, 14087039, 22.59
OLECTRA,EQ,10-Aug-2026,1385.0,1384.0,1389.9,1365.0,1366.2,1368.3,1374.0,170996,2349.49,11580, 71391, 41.75
OLIL,SM,10-Aug-2026,413.2,414.0,429.0,414.0,429.0,429.0,420.49,4400,18.5,6, 4400, 100.00
OMAXAUTO,EQ,10-Aug-2026,183.12,184.95,201.43,182.5,201.43,201.43,199.11,330364,657.78,2019, 193500, 58.57
OMAXE,EQ,10-Aug-2026,86.45,86.45,88.33,83.8,84.8,84.9,85.67,347886,298.02,3831, 191126, 54.94
OMFREIGHT,BE,10-Aug-2026,88.28,87.5,92.69,85.01,92.69,92.61,89.04,21061,18.75,271, -, -
OMFURN,SM,10-Aug-2026,59.95,59.95,60.5,57.0,60.5,60.15,59.08,7200,4.25,4, 4800, 66.67
OMINFRAL,EQ,10-Aug-2026,87.35,87.85,88.49,87.41,87.45,87.53,87.94,47361,41.65,929, 20118, 42.48
OMNI,EQ,10-Aug-2026,578.35,583.0,587.95,531.35,553.8,552.85,555.3,3607092,20030.21,95242, 558628, 15.49
OMPOWER,EQ,10-Aug-2026,171.03,169.78,172.0,168.52,169.5,170.16,169.98,63043,107.16,1227, 41276, 65.47
ONDOOR,SM,10-Aug-2026,252.0,245.0,250.05,235.5,249.75,249.75,243.39,16800,40.89,34, 13200, 78.57
ONELIFECAP,BE,10-Aug-2026,32.89,32.89,34.0,31.7,33.51,33.5,33.1,24697,8.17,97, -, -
ONEPOINT,EQ,10-Aug-2026,60.33,60.5,61.18,57.61,58.15,58.81,59.29,1796065,1064.81,7574, 902685, 50.26
ONESOURCE,EQ,10-Aug-2026,1576.0,1581.2,1647.0,1565.7,1584.9,1575.4,1598.43,230127,3678.42,23816, 106792, 46.41
ONGC,EQ,10-Aug-2026,238.85,240.0,241.3,238.19,239.84,239.84,239.37,10611162,25399.54,70406, 6894335, 64.97
ONIDA,BE,10-Aug-2026,38.38,38.6,39.9,38.5,38.9,38.97,39.22,390431,153.12,545, -, -
ONMOBILE,BE,10-Aug-2026,69.7,68.31,68.31,68.31,68.31,68.31,68.31,24688,16.86,155, -, -
ONWARDTEC,EQ,10-Aug-2026,290.7,292.1,292.1,283.65,284.65,284.75,286.53,20822,59.66,870, 10342, 49.67
ONYX,ST,10-Aug-2026,45.4,46.0,46.0,46.0,46.0,46.0,46.0,4000,1.84,2, 4000, 100.00
OPTIEMUS,EQ,10-Aug-2026,562.1,558.25,577.05,556.0,556.0,559.1,565.69,132464,749.34,5674, 64349, 48.58
OPTIVALUE,ST,10-Aug-2026,155.5,152.1,162.0,152.1,156.0,156.0,158.96,48000,76.3,29, 36800, 76.67
ORBTEXP,BE,10-Aug-2026,252.72,265.35,265.35,265.35,265.35,265.35,265.35,9147,24.27,81, -, -
ORCHASP,EQ,10-Aug-2026,1.56,1.59,1.59,1.5,1.54,1.52,1.54,133725,2.06,242, 100790, 75.37
ORCHPHARMA,EQ,10-Aug-2026,1001.85,1055.0,1089.9,994.0,1085.0,1079.15,1059.96,222143,2354.64,15662, 104933, 47.24
ORIANA,SM,10-Aug-2026,1448.8,1436.05,1466.0,1406.6,1410.05,1421.25,1437.51,47625,684.61,427, 30225, 63.46
ORICONENT,EQ,10-Aug-2026,54.12,54.9,55.0,53.16,53.2,53.29,53.7,17777,9.55,509, 11378, 64.00
ORIENTALTL,EQ,10-Aug-2026,5.16,5.16,5.29,5.1,5.17,5.18,5.17,50231,2.6,273, 44316, 88.22
ORIENTBELL,EQ,10-Aug-2026,314.0,315.7,330.0,315.7,323.0,326.1,325.15,19214,62.48,642, 13202, 68.71
ORIENTCEM,EQ,10-Aug-2026,136.73,136.73,138.8,135.81,137.5,137.27,136.87,246844,337.87,3052, 138968, 56.30
ORIENTCER,EQ,10-Aug-2026,42.58,43.4,43.4,42.22,42.55,42.77,42.92,33129,14.22,334, 26172, 79.00
ORIENTELEC,EQ,10-Aug-2026,189.18,193.19,194.0,188.7,190.75,189.75,190.52,731961,1394.55,9753, 371354, 50.73
ORIENTHOT,EQ,10-Aug-2026,127.89,127.89,129.11,124.91,126.49,126.12,126.51,378655,479.03,3213, 238521, 62.99
ORIENTLTD,BE,10-Aug-2026,77.2,73.59,78.5,73.59,78.5,78.5,76.07,841,0.64,35, -, -
ORIENTPPR,EQ,10-Aug-2026,18.51,18.4,18.4,17.46,17.68,17.52,17.7,463810,82.09,1874, 326497, 70.39
ORIENTTECH,EQ,10-Aug-2026,258.75,258.75,261.7,255.15,260.5,259.05,257.7,144029,371.17,2935, 63381, 44.01
ORISSAMINE,EQ,10-Aug-2026,4405.2,4410.0,4479.9,4382.3,4468.7,4450.7,4449.03,8851,393.78,1768, 4058, 45.85
ORKLAINDIA,EQ,10-Aug-2026,566.85,565.0,577.6,557.0,568.0,567.8,568.26,267105,1517.86,19053, 129524, 48.49
ORTEL,BZ,10-Aug-2026,2.22,2.33,2.33,2.2,2.3,2.3,2.29,18684,0.43,30, -, -
ORTINGLOBE,BE,10-Aug-2026,15.15,15.9,15.9,14.63,15.28,14.63,15.15,9407,1.42,27, -, -
OSELDEVICE,SM,10-Aug-2026,400.1,393.0,397.65,373.1,373.2,375.9,382.52,53800,205.79,204, 36800, 68.40
OSIAHYPER,BE,10-Aug-2026,2.77,2.67,2.8,2.65,2.7,2.68,2.71,546257,14.82,525, -, -
OSWALAGRO,EQ,10-Aug-2026,40.16,40.0,41.4,38.0,39.0,38.84,38.78,234837,91.08,1068, 186268, 79.32
OSWALGREEN,EQ,10-Aug-2026,22.04,21.97,22.03,21.6,21.75,21.72,21.84,83859,18.32,561, 45828, 54.65
OSWALPUMPS,EQ,10-Aug-2026,326.1,310.0,313.8,297.15,308.3,306.3,307.35,1575947,4843.6,24054, 700443, 44.45
OSWALSEEDS,EQ,10-Aug-2026,10.63,10.63,10.8,10.35,10.4,10.49,10.5,48102,5.05,153, 45698, 95.00
OWAIS,ST,10-Aug-2026,91.85,92.0,92.0,89.0,89.0,89.2,89.97,26500,23.84,146, 24700, 93.21
PACEDIGITK,EQ,10-Aug-2026,181.95,181.95,182.34,177.46,178.01,178.15,179.25,1203673,2157.6,12926, 605943, 50.34
PAGEIND,EQ,10-Aug-2026,39900.0,40270.0,40270.0,38365.0,38660.0,38660.0,39038.96,27264,10643.58,12362, 12585, 46.16
PAISALO,EQ,10-Aug-2026,68.68,68.69,70.99,68.54,70.15,69.94,70.4,11096647,7811.74,23656, 3012224, 27.15
PAKKA,EQ,10-Aug-2026,72.17,71.3,72.0,71.0,71.31,71.86,71.51,37715,26.97,565, 24066, 63.81
PALASHSECU,EQ,10-Aug-2026,92.01,98.0,98.0,88.0,92.0,90.66,93.13,1113,1.04,62, 279, 25.07
PALREDTEC,BE,10-Aug-2026,48.9,51.34,51.34,47.1,47.55,47.55,48.01,1503,0.72,15, -, -
PANACEABIO,EQ,10-Aug-2026,413.0,416.0,418.6,399.75,403.5,404.3,409.17,146850,600.87,3904, 94362, 64.26
PANACHE,BE,10-Aug-2026,458.55,465.0,481.45,465.0,481.45,481.45,480.11,17142,82.3,229, -, -
PANAMAPET,EQ,10-Aug-2026,504.8,511.35,532.0,503.0,532.0,528.85,520.7,443883,2311.32,17045, 197650, 44.53
PANSARI,EQ,10-Aug-2026,322.75,318.15,327.0,317.0,320.25,321.75,320.63,787,2.52,97, 335, 42.57
PAR,EQ,10-Aug-2026,98.4,107.1,108.0,102.55,103.1,103.53,104.77,58156,60.93,1007, 35936, 61.79
PARACABLES,EQ,10-Aug-2026,68.92,69.3,71.76,66.76,67.5,67.37,69.72,3511166,2447.97,20427, 1553341, 44.24
PARADEEP,EQ,10-Aug-2026,149.45,149.95,152.04,147.63,150.8,149.87,150.32,4058709,6100.98,32287, 1499881, 36.95
PARAGMILK,EQ,10-Aug-2026,223.22,222.5,222.59,218.71,220.0,219.88,220.46,420432,926.88,6078, 240463, 57.19
PARAGON,SM,10-Aug-2026,49.9,49.6,49.9,49.6,49.9,49.9,49.8,6000,2.99,5, 6000, 100.00
PARAMOUNT,ST,10-Aug-2026,37.15,35.3,35.3,35.3,35.3,35.3,35.3,2400,0.85,2, 1200, 50.00
PARAS,EQ,10-Aug-2026,1277.1,1278.0,1282.0,1236.0,1273.0,1267.5,1257.18,951343,11960.09,38792, 303849, 31.94
PARASPETRO,EQ,10-Aug-2026,2.59,2.58,2.58,2.47,2.47,2.47,2.49,184690,4.59,271, 137987, 74.71
PARIN,SM,10-Aug-2026,698.4,724.95,724.95,698.5,710.0,710.0,707.7,2500,17.69,7, 1500, 60.00
PARKHOSPS,EQ,10-Aug-2026,292.25,295.0,295.0,287.1,289.0,289.15,290.46,329906,958.24,7944, 173167, 52.49
PARKHOTELS,EQ,10-Aug-2026,119.92,119.5,121.99,119.0,120.4,120.75,120.43,92917,111.9,1815, 47123, 50.72
PARSVNATH,BE,10-Aug-2026,1.65,1.62,1.62,1.62,1.62,1.62,1.62,149975,2.43,127, -, -
PARTH,SM,10-Aug-2026,506.15,509.95,510.0,500.05,507.0,507.0,507.49,3600,18.27,9, 3200, 88.89
PARTYCRUS,SM,10-Aug-2026,85.75,89.0,89.0,89.0,89.0,89.0,89.0,1000,0.89,1, 1000, 100.00
PASHUPATI,EQ,10-Aug-2026,83.97,84.7,84.7,83.4,84.0,83.76,83.97,10399,8.73,733, 6739, 64.80
PASUPTAC,BE,10-Aug-2026,62.38,65.49,65.49,62.75,65.3,65.27,64.71,246817,159.72,1001, -, -
PATANJALI,EQ,10-Aug-2026,357.5,357.5,357.8,351.0,355.0,355.0,354.95,6705159,23799.67,45032, 2764980, 41.24
PATELENG,EQ,10-Aug-2026,28.59,28.62,30.25,28.51,29.6,29.54,29.5,9695403,2859.97,32356, 3587978, 37.01
PATELRMART,EQ,10-Aug-2026,220.35,220.28,221.0,218.8,219.19,219.44,219.74,22635,49.74,521, 12226, 54.01
PATILAUTOM,ST,10-Aug-2026,210.75,214.95,219.0,211.0,215.0,217.0,216.02,65400,141.28,95, 60000, 91.74
PATINTLOG,BE,10-Aug-2026,14.43,14.43,14.58,14.01,14.11,14.17,14.31,25768,3.69,144, -, -
PAUSHAKLTD,EQ,10-Aug-2026,706.65,708.65,729.0,685.3,687.5,695.2,699.19,25016,174.91,2188, 12904, 51.58
PAVNAIND,EQ,10-Aug-2026,18.31,18.5,19.2,18.5,19.0,19.02,18.99,55043,10.45,250, 43159, 78.41
PAYTM,EQ,10-Aug-2026,1441.6,1445.0,1598.5,1445.0,1584.1,1584.1,1552.2,20046110,311156.02,391529, 7320970, 36.52
PCBL,EQ,10-Aug-2026,321.9,321.9,326.4,318.6,323.6,323.4,324.04,676082,2190.77,14185, 322041, 47.63
PCCL,SM,10-Aug-2026,297.4,298.0,306.9,298.0,306.9,304.85,302.91,17600,53.31,32, 16000, 90.91
PCJEWELLER,EQ,10-Aug-2026,9.77,9.9,10.05,9.71,9.77,9.82,9.89,265709406,26287.49,68477, 66999724, 25.22
PDMJEPAPER,EQ,10-Aug-2026,97.63,99.0,99.75,97.08,97.51,97.81,97.9,54645,53.5,1316, 29032, 53.13
PDSL,EQ,10-Aug-2026,361.85,361.2,389.0,357.8,382.0,382.25,379.8,550825,2092.01,21684, 228514, 41.49
PEARLPOLY,BE,10-Aug-2026,16.89,16.89,17.29,16.25,16.35,16.35,16.48,1890,0.31,21, -, -
PELATRO,SM,10-Aug-2026,285.0,286.0,286.0,280.0,280.0,280.0,282.86,1500,4.24,5, 1500, 100.00
PENIND,EQ,10-Aug-2026,159.86,160.5,162.8,158.31,161.8,161.49,161.39,268168,432.8,3787, 130681, 48.73
PENINLAND,BE,10-Aug-2026,16.12,16.25,16.39,15.8,15.8,15.8,16.02,39931,6.4,77, -, -
PENTAGON,SM,10-Aug-2026,50.7,52.0,53.95,51.15,51.15,51.15,52.27,11000,5.75,7, 9000, 81.82
PERFECT,SZ,10-Aug-2026,2.55,2.45,2.45,2.45,2.45,2.45,2.45,12000,0.29,4, 12000, 100.00
PERSISTENT,EQ,10-Aug-2026,5475.0,5475.0,5543.5,5425.0,5474.0,5474.0,5497.72,422612,23234.02,28647, 218721, 51.75
PETRONET,EQ,10-Aug-2026,280.6,280.6,280.6,275.5,280.0,280.0,277.08,1090547,3021.66,23402, 604246, 55.41
PFC,EQ,10-Aug-2026,420.0,412.1,414.65,383.2,385.15,385.15,392.62,27986683,109882.3,271163, 14504548, 51.83
PFIZER,EQ,10-Aug-2026,4880.6,4910.0,4910.0,4840.0,4850.0,4877.6,4881.04,51744,2525.65,8286, 41486, 80.18
PFOCUS,EQ,10-Aug-2026,287.6,287.6,289.65,281.0,282.0,283.05,285.29,335068,955.93,9488, 174468, 52.07
PFS,EQ,10-Aug-2026,29.02,29.0,29.1,28.71,28.84,28.77,28.95,758347,219.53,2568, 528580, 69.70
PGEL,EQ,10-Aug-2026,630.65,630.75,630.75,610.6,621.8,621.8,621.93,2389841,14863.13,39093, 553477, 23.16
PGHH,EQ,10-Aug-2026,8497.0,8500.0,8534.0,8462.0,8474.0,8482.0,8497.15,9719,825.84,2172, 5506, 56.65
PGHL,EQ,10-Aug-2026,6144.5,6161.0,6169.0,5950.0,5980.0,5966.0,6036.43,15474,934.08,3310, 8606, 55.62
PGIL,EQ,10-Aug-2026,2464.1,2464.7,2511.3,2403.0,2426.4,2428.9,2446.3,144312,3530.3,16630, 45575, 31.58
PGINVIT,IV,10-Aug-2026,99.78,100.0,100.89,99.87,100.0,99.98,100.32,1440054,1444.69,10288, 1219025, 84.65
PHANTOMFX,SM,10-Aug-2026,155.15,159.6,159.6,145.0,148.0,148.55,150.33,32400,48.71,97, 24600, 75.93
PHARMABEES,EQ,10-Aug-2026,27.32,27.5,27.54,27.18,27.27,27.24,27.3,4858280,1326.11,16392, 2556529, 52.62
PHOENIXLTD,EQ,10-Aug-2026,1895.5,1907.0,1950.0,1890.7,1935.0,1935.0,1930.22,456723,8815.76,29726, 282520, 61.86
PHOGLOBAL,SM,10-Aug-2026,16.4,15.9,15.9,15.85,15.85,15.85,15.88,4000,0.64,2, 4000, 100.00
PICCADIL,EQ,10-Aug-2026,743.15,752.0,773.75,745.2,770.0,768.8,764.16,264396,2020.4,10377, 152284, 57.60
PIDILITIND,EQ,10-Aug-2026,1660.0,1660.0,1685.4,1652.8,1685.0,1685.0,1674.96,880089,14741.16,39518, 474247, 53.89
PIGL,EQ,10-Aug-2026,112.26,112.26,112.26,107.1,111.65,109.5,109.69,64172,70.39,730, 47631, 74.22
PIIND,EQ,10-Aug-2026,2774.6,2788.4,2788.4,2742.5,2751.6,2751.6,2764.08,122080,3374.39,12547, 60703, 49.72
PILANIINVS,EQ,10-Aug-2026,4370.7,4450.0,4450.0,4350.0,4353.3,4364.2,4378.88,1261,55.22,297, 604, 47.90
PILITA,BE,10-Aug-2026,8.61,8.6,8.72,8.5,8.5,8.53,8.6,10475,0.9,114, -, -
PINELABS,EQ,10-Aug-2026,154.44,155.0,163.55,153.0,162.01,161.94,160.7,39414621,63340.1,196186, 13199640, 33.49
PIONEEREMB,EQ,10-Aug-2026,23.93,23.93,24.49,22.6,22.7,22.84,23.14,33829,7.83,232, 24370, 72.04
PIONRINV,BE,10-Aug-2026,83.65,87.62,87.63,87.05,87.63,87.63,87.5,1142,1.0,32, -, -
PIRAMALFIN,EQ,10-Aug-2026,2109.7,2109.7,2114.8,2071.0,2105.0,2100.7,2092.24,109557,2292.2,9802, 56134, 51.24
PITTIENG,EQ,10-Aug-2026,939.95,951.5,970.0,942.0,970.0,964.6,960.86,45275,435.03,2874, 30408, 67.16
PIXTRANS,EQ,10-Aug-2026,1717.2,1888.0,2060.6,1836.0,2041.1,1986.5,1965.29,1309397,25733.41,86741, 120284, 9.19
PKTEA,EQ,10-Aug-2026,691.8,710.0,710.0,685.05,686.4,698.3,700.91,91,0.64,19, 84, 92.31
PLASTIBLEN,EQ,10-Aug-2026,197.69,197.69,201.85,196.44,198.69,198.44,199.14,57635,114.78,1332, 31454, 54.57
PLATIND,EQ,10-Aug-2026,224.75,226.0,232.0,217.74,229.25,228.19,227.04,166811,378.73,3490, 81053, 48.59
PLAZACABLE,BE,10-Aug-2026,47.8,46.7,47.8,45.7,46.41,46.4,46.83,31994,14.98,163, -, -
PML,EQ,10-Aug-2026,500.45,490.6,510.4,490.6,508.65,502.15,501.54,194,0.97,25, 155, 79.90
PNB,EQ,10-Aug-2026,114.81,114.81,115.19,113.2,113.5,113.5,113.92,11111923,12658.96,42227, 5901028, 53.11
PNBGILTS,EQ,10-Aug-2026,80.7,80.7,82.1,80.7,81.2,80.87,81.27,205591,167.08,1910, 110294, 53.65
PNBHOUSING,EQ,10-Aug-2026,1143.0,1143.1,1174.8,1137.6,1149.3,1149.3,1160.52,1199167,13916.57,39855, 523766, 43.68
PNC,EQ,10-Aug-2026,19.92,20.55,20.55,19.05,19.71,19.47,19.65,9405,1.85,178, 8293, 88.18
PNCINFRA,EQ,10-Aug-2026,224.38,226.0,231.0,209.5,210.4,210.4,220.91,2688608,5939.32,37360, 1132577, 42.13
PNGJL,EQ,10-Aug-2026,642.85,639.65,656.95,635.05,637.0,637.65,645.75,247194,1596.25,14194, 135948, 55.00
PNGSREVA,EQ,10-Aug-2026,511.2,508.0,532.0,501.2,516.0,515.75,521.84,323189,1686.53,13177, 133479, 41.30
POCL,EQ,10-Aug-2026,481.7,484.0,493.5,482.0,484.65,483.25,486.91,367559,1789.7,14431, 183361, 49.89
PODDARMENT,EQ,10-Aug-2026,257.45,269.15,270.0,258.05,265.0,265.25,264.8,5546,14.69,266, 4236, 76.38
POKARNA,EQ,10-Aug-2026,986.6,1029.0,1079.0,950.0,958.0,959.0,1017.73,865738,8810.85,43424, 235228, 27.17
POLICYBZR,EQ,10-Aug-2026,1604.5,1607.0,1641.4,1590.2,1630.0,1630.0,1625.3,1135335,18452.62,51268, 625898, 55.13
POLYCAB,EQ,10-Aug-2026,9218.0,9224.5,9320.0,9224.5,9275.0,9275.0,9291.01,174445,16207.7,24543, 103790, 59.50
POLYMED,EQ,10-Aug-2026,1693.8,1692.0,1818.9,1692.0,1773.0,1772.4,1774.34,831186,14748.08,52894, 342001, 41.15
POLYPLEX,EQ,10-Aug-2026,1115.9,1115.9,1188.0,1107.3,1183.0,1179.7,1167.36,269422,3145.11,11668, 148558, 55.14
POLYSIL,SM,10-Aug-2026,75.0,71.25,78.75,71.25,78.75,78.75,72.09,231000,166.53,53, 226500, 98.05
PONNIERODE,EQ,10-Aug-2026,320.75,320.65,340.7,316.35,335.85,334.8,334.86,62834,210.41,1987, 36102, 57.46
POONAWALLA,EQ,10-Aug-2026,480.05,480.0,482.95,474.4,477.2,476.7,477.94,1283245,6133.09,26209, 610882, 47.60
POSITRON,SM,10-Aug-2026,171.4,171.4,176.45,168.5,170.8,170.8,171.1,5100,8.73,17, 3900, 76.47
POWERGRID,EQ,10-Aug-2026,271.6,271.5,271.6,268.8,270.1,270.1,270.34,8329347,22517.37,68265, 5306581, 63.71
POWERICA,EQ,10-Aug-2026,533.2,545.0,547.9,533.0,533.0,536.75,539.96,223209,1205.23,10548, 103746, 46.48
POWERINDIA,EQ,10-Aug-2026,32600.0,35000.0,36390.0,34225.0,36050.0,36050.0,35598.24,675953,240627.37,145819, 127125, 18.81
POWERMECH,EQ,10-Aug-2026,2616.7,2532.0,2548.8,2452.6,2531.5,2530.6,2491.4,245207,6109.09,24928, 106924, 43.61
PPAP,BE,10-Aug-2026,321.35,305.35,305.35,305.3,305.3,305.3,305.31,14686,44.84,251, -, -
PPL,BE,10-Aug-2026,260.4,257.05,268.0,252.2,263.0,260.75,259.5,29149,75.64,416, -, -
PPLPHARMA,EQ,10-Aug-2026,209.55,209.55,218.5,209.55,214.29,213.61,215.23,9027584,19430.1,73710, 3356035, 37.18
PPSL,SM,10-Aug-2026,2.9,3.0,3.0,3.0,3.0,3.0,3.0,42000,1.26,8, 42000, 100.00
PRABHA,EQ,10-Aug-2026,154.61,155.6,163.0,154.5,157.2,157.56,159.58,106214,169.5,1557, 54164, 51.00
PRADPME,BE,10-Aug-2026,515.2,523.95,523.95,515.2,520.0,520.0,520.21,10622,55.26,183, -, -
PRAENG,EQ,10-Aug-2026,19.9,19.9,20.33,19.61,19.85,19.88,19.9,40813,8.12,181, 35698, 87.47
PRAJIND,EQ,10-Aug-2026,325.05,325.85,335.0,321.95,328.0,327.65,329.91,809373,2670.21,18684, 383432, 47.37
PRAKASH,EQ,10-Aug-2026,128.73,128.73,131.69,128.73,129.65,130.23,130.17,267755,348.54,3397, 149508, 55.84
PRAKASHSTL,EQ,10-Aug-2026,3.98,3.97,4.08,3.95,3.98,3.96,3.98,129922,5.18,314, 91599, 70.50
PRAMARA,SM,10-Aug-2026,119.35,124.0,124.0,116.0,117.9,117.5,117.67,35000,41.18,41, 22500, 64.29
PRATHAM,SM,10-Aug-2026,120.0,122.0,123.0,121.4,121.4,121.4,121.82,3600,4.39,7, 3200, 88.89
PRAVEG,EQ,10-Aug-2026,275.4,275.45,283.2,272.6,279.0,275.65,277.92,42765,118.85,2281, 20923, 48.93
PRAXIS,EQ,10-Aug-2026,6.91,6.72,7.1,6.72,6.81,6.8,6.84,76266,5.22,206, 39352, 51.60
PRECAM,EQ,10-Aug-2026,143.29,143.2,144.08,141.33,141.51,142.02,142.43,72342,103.04,1672, 42198, 58.33
PRECISION,ST,10-Aug-2026,8.5,8.65,8.7,8.1,8.15,8.15,8.32,18000,1.5,9, 16000, 88.89
PRECOT,EQ,10-Aug-2026,813.25,790.0,806.4,765.6,765.6,771.7,778.56,4440,34.57,472, 3446, 77.61
PRECWIRE,EQ,10-Aug-2026,413.8,415.0,437.0,415.0,436.0,433.3,428.33,846917,3627.57,28989, 369072, 43.58
PREMCO,EQ,10-Aug-2026,380.3,380.3,389.0,380.05,387.1,380.6,382.17,703,2.69,57, 661, 94.03
PREMEXPLN,EQ,10-Aug-2026,641.2,641.65,651.45,641.65,649.0,649.15,648.25,250811,1625.89,6508, 177704, 70.85
PREMIER,BE,10-Aug-2026,2.84,2.9,2.91,2.7,2.83,2.83,2.74,4971,0.14,24, -, -
PREMIERENE,EQ,10-Aug-2026,1047.2,1052.0,1058.3,1038.9,1044.1,1044.1,1047.22,1171794,12271.22,28310, 548735, 46.83
PREMIERPOL,EQ,10-Aug-2026,71.66,71.99,72.5,69.13,69.55,70.55,70.83,165664,117.34,1672, 100238, 60.51
PREMIUM,SM,10-Aug-2026,39.0,39.0,39.0,39.0,39.0,39.0,39.0,6000,2.34,2, 6000, 100.00
PRESSTONIC,SM,10-Aug-2026,34.35,34.0,34.1,31.5,32.95,32.3,32.7,64000,20.93,53, 44800, 70.00
PRESTIGE,EQ,10-Aug-2026,1584.8,1585.0,1605.5,1561.6,1589.0,1589.0,1590.69,299288,4760.75,12937, 139951, 46.76
PRICOLLTD,EQ,10-Aug-2026,737.9,745.0,750.1,726.8,733.0,732.8,739.38,579652,4285.85,25419, 350862, 60.53
PRIMECAB,ST,10-Aug-2026,182.65,183.5,189.9,183.0,189.9,187.25,185.69,25600,47.54,15, 25600, 100.00
PRIMESECU,EQ,10-Aug-2026,296.05,299.1,304.2,292.9,304.0,302.05,300.03,78746,236.26,881, 55993, 71.11
PRIMO,EQ,10-Aug-2026,23.96,24.0,24.7,23.8,23.8,23.96,24.19,134210,32.46,1221, 70969, 52.88
PRINCEPIPE,EQ,10-Aug-2026,271.0,275.9,281.0,270.8,271.5,271.95,272.94,190627,520.29,4632, 110647, 58.04
PRITI,BE,10-Aug-2026,36.36,36.8,37.5,36.07,36.9,36.2,36.48,6968,2.54,87, -, -
PRITIKA,SM,10-Aug-2026,64.0,64.0,64.0,64.0,64.0,64.0,64.0,2000,1.28,1, 2000, 100.00
PRITIKAUTO,BE,10-Aug-2026,18.22,18.72,18.77,17.9,18.01,17.93,18.17,59007,10.72,348, -, -
PRIVISCL,EQ,10-Aug-2026,3644.1,3640.1,3678.0,3597.3,3601.0,3612.7,3621.54,55742,2018.72,12210, 36309, 65.14
PRIZOR,ST,10-Aug-2026,899.0,915.0,920.0,902.0,907.0,907.35,914.16,12000,109.7,27, 10800, 90.00
PRLIND,SM,10-Aug-2026,43.95,43.55,44.0,43.3,44.0,44.0,43.66,16000,6.99,16, 11000, 68.75
PROFX,SM,10-Aug-2026,73.4,73.4,73.4,73.4,73.4,73.4,73.4,3200,2.35,1, 3200, 100.00
PROLIFE,SM,10-Aug-2026,78.65,78.65,78.65,78.65,78.65,78.65,78.65,2500,1.97,1, 2500, 100.00
PROPEQUITY,SM,10-Aug-2026,225.0,234.5,234.5,234.5,234.5,234.5,234.5,600,1.41,1, 600, 100.00
PROPSHOP,ST,10-Aug-2026,56.7,56.7,58.4,53.9,58.0,57.8,57.44,232000,133.26,71, 222000, 95.69
PROSTARM,EQ,10-Aug-2026,146.01,146.9,149.49,144.11,146.0,146.4,147.11,408447,600.85,4750, 197395, 48.33
PROTEAN,EQ,10-Aug-2026,565.95,565.95,576.0,561.6,567.0,566.9,569.94,192355,1096.31,7035, 83383, 43.35
PROV,SM,10-Aug-2026,1720.0,1710.0,1720.0,1700.0,1700.0,1700.0,1707.5,320,5.46,4, 320, 100.00
PROZONER,EQ,10-Aug-2026,42.74,42.8,43.79,41.21,43.11,42.94,42.8,189730,81.2,912, 117911, 62.15
PRSMJOHNSN,EQ,10-Aug-2026,111.56,111.01,115.0,97.1,111.55,109.0,110.76,4148016,4594.15,23550, 1368216, 32.98
PRUDENT,EQ,10-Aug-2026,3371.8,3371.9,3410.0,3336.9,3372.0,3379.7,3380.02,19500,659.1,4725, 9087, 46.60
PRUDMOULI,BE,10-Aug-2026,13.44,13.48,13.7,12.77,13.24,13.24,12.9,49556,6.39,80, -, -
PSB,EQ,10-Aug-2026,23.79,23.99,24.0,23.64,23.7,23.67,23.75,776355,184.4,3348, 411702, 53.03
PSFL,SM,10-Aug-2026,31.45,31.6,32.85,31.4,32.0,32.0,32.34,14000,4.53,6, 12000, 85.71
PSPPROJECT,EQ,10-Aug-2026,962.95,962.95,970.0,931.1,948.7,945.9,945.22,59746,564.73,3509, 23958, 40.10
PSRAJ,ST,10-Aug-2026,77.75,80.9,80.9,76.3,80.45,79.85,79.57,17500,13.93,7, 15000, 85.71
PSUBANK,EQ,10-Aug-2026,87.44,88.41,88.68,86.5,86.9,86.74,87.45,326103,285.19,1161, 236181, 72.43
PSUBANKADD,EQ,10-Aug-2026,88.56,88.2,90.33,87.27,87.62,87.51,88.03,106790,94.0,426, 64353, 60.26
PSUBNKBEES,EQ,10-Aug-2026,98.03,99.15,99.15,96.26,96.8,96.44,96.85,8284198,8023.01,18350, 6402709, 77.29
PSUBNKIETF,EQ,10-Aug-2026,88.76,89.13,89.95,87.28,87.5,87.55,88.39,150068,132.64,1364, 73090, 48.70
PTC,EQ,10-Aug-2026,203.3,180.0,180.0,175.87,178.23,177.99,177.69,4133683,7345.01,34918, 1693818, 40.98
PTCIL,EQ,10-Aug-2026,19076.0,19299.0,19498.0,18944.0,19350.0,19370.0,19313.54,18285,3531.48,5578, 7840, 42.88
PTL,EQ,10-Aug-2026,39.85,40.0,40.0,39.0,39.43,39.23,39.54,43765,17.31,1019, 30854, 70.50
PULZ,SM,10-Aug-2026,25.9,24.65,24.65,24.65,24.65,24.65,24.65,6000,1.48,3, 6000, 100.00
PUNJABCHEM,EQ,10-Aug-2026,1111.1,1109.8,1129.9,1099.0,1120.0,1112.2,1108.78,7061,78.29,840, 3288, 46.57
PURPLEUTED,ST,10-Aug-2026,333.0,320.6,335.0,316.35,316.35,321.05,319.65,42000,134.25,126, 37250, 88.69
PURVA,EQ,10-Aug-2026,212.37,212.37,215.0,210.5,212.0,213.16,212.59,88413,187.95,2214, 37490, 42.40
PURVFLEXI,SM,10-Aug-2026,50.05,52.35,52.55,52.35,52.55,52.55,52.5,3200,1.68,4, 3200, 100.00
PUSHPA,SM,10-Aug-2026,113.0,113.0,113.05,110.05,113.0,113.0,112.68,9000,10.14,9, 7000, 77.78
PVP,EQ,10-Aug-2026,34.74,34.9,37.62,34.13,34.55,34.67,35.57,4972921,1769.05,20176, 1186286, 23.85
PVRINOX,EQ,10-Aug-2026,1156.0,1180.0,1188.7,1140.5,1146.2,1144.0,1154.95,325431,3758.57,15388, 143766, 44.18
PVSL,EQ,10-Aug-2026,108.11,108.65,109.9,106.05,109.88,109.29,107.69,10070,10.84,340, 6817, 67.70
PVTBANIETF,EQ,10-Aug-2026,27.77,27.77,27.9,27.66,27.76,27.81,27.73,3158162,875.7,2792, 2392056, 75.74
PVTBANK,EQ,10-Aug-2026,27.66,27.66,27.69,27.44,27.69,27.67,27.6,6575,1.81,32, 6178, 93.96
PVTBANKADD,EQ,10-Aug-2026,27.88,27.97,28.1,27.8,28.05,27.98,27.91,41322,11.53,176, 29088, 70.39
PVTBKGROWW,EQ,10-Aug-2026,27.49,27.62,27.89,27.37,27.68,27.54,27.55,12079,3.33,156, 7386, 61.15
PWL,EQ,10-Aug-2026,131.59,131.43,131.45,127.0,127.49,127.52,129.04,2772174,3577.27,21887, 925714, 33.39
PYRAMID,EQ,10-Aug-2026,175.35,176.75,180.0,170.75,173.0,172.85,175.78,76815,135.02,2191, 38166, 49.69
QGOLDHALF,EQ,10-Aug-2026,123.84,124.78,125.79,123.89,125.0,124.98,124.98,313237,391.49,1374, 180724, 57.70
QLINE,SM,10-Aug-2026,538.7,530.25,562.0,530.2,535.6,535.8,548.81,138800,761.75,264, 100800, 72.62
QMSMEDI,EQ,10-Aug-2026,113.3,112.35,114.9,110.11,111.01,111.69,111.96,36591,40.97,1095, 24794, 67.76
QNIFTY,EQ,10-Aug-2026,270.7,272.05,272.05,269.33,270.8,270.8,270.84,3954,10.71,161, 3038, 76.83
QPOWER,BE,10-Aug-2026,1124.1,1180.3,1180.3,1170.0,1180.3,1180.3,1180.2,156102,1842.31,1800, -, -
QUADFUTURE,EQ,10-Aug-2026,361.5,366.9,373.45,361.0,371.5,369.85,368.6,291797,1075.57,7277, 138072, 47.32
QUADPRO,SM,10-Aug-2026,2.4,2.4,2.4,2.4,2.4,2.4,2.4,24000,0.58,2, 24000, 100.00
QUAL30IETF,EQ,10-Aug-2026,21.75,21.96,21.96,21.7,21.88,21.81,21.87,179657,39.29,355, 132475, 73.74
QUALITY30,EQ,10-Aug-2026,21.46,21.89,21.89,21.25,21.47,21.39,21.44,15847,3.4,53, 11268, 71.10
QUESS,EQ,10-Aug-2026,311.05,310.0,330.9,306.6,324.8,323.75,324.47,900407,2921.51,20666, 338960, 37.65
QUESTLAB,SM,10-Aug-2026,89.7,89.7,89.7,88.5,89.7,89.7,89.23,6000,5.35,5, 6000, 100.00
QUICKHEAL,BE,10-Aug-2026,155.02,157.49,157.49,148.1,148.1,151.17,152.64,76177,116.27,911, -, -
QUICKTOUCH,SM,10-Aug-2026,22.5,22.6,22.6,22.0,22.0,22.0,22.4,1500,0.34,3, 1500, 100.00
QUINT,EQ,10-Aug-2026,37.48,38.24,39.2,36.92,36.92,37.06,37.16,3612,1.34,84, 2651, 73.39
QUINTEGRA,BE,10-Aug-2026,1.4,1.47,1.47,1.33,1.42,1.33,1.33,54057,0.72,34, -, -
QVCEL,SM,10-Aug-2026,25.1,25.0,25.0,23.9,23.9,23.9,24.18,6400,1.55,4, 4800, 75.00
RACE,EQ,10-Aug-2026,108.76,109.0,109.0,106.53,108.99,107.61,107.42,824,0.89,36, 464, 56.31
RACLGEAR,EQ,10-Aug-2026,1482.7,1422.0,1464.4,1330.0,1381.0,1387.6,1396.53,79491,1110.12,8378, 34293, 43.14
RADAAN,EQ,10-Aug-2026,2.98,2.98,3.2,2.98,3.12,3.09,3.12,32488,1.01,91, 25531, 78.59
RADHIKAJWE,EQ,10-Aug-2026,69.44,69.74,70.28,68.05,68.5,68.61,69.14,492311,340.39,3899, 157728, 32.04
RADIANTCMS,EQ,10-Aug-2026,38.99,39.3,39.99,38.16,39.05,38.56,39.18,164449,64.43,1596, 110498, 67.19
RADICO,EQ,10-Aug-2026,4499.0,4494.0,4582.0,4470.1,4550.0,4550.0,4544.28,388329,17646.78,39694, 223587, 57.58
RADIOCITY,EQ,10-Aug-2026,6.85,6.65,7.05,6.65,6.8,6.82,6.87,83777,5.76,197, 67156, 80.16
RADIOWALLA,ST,10-Aug-2026,26.55,26.05,26.05,26.05,26.05,26.05,26.05,1600,0.42,1, 1600, 100.00
RAILTEL,EQ,10-Aug-2026,288.55,289.05,291.95,285.65,291.6,290.85,289.53,419028,1213.21,11024, 167642, 40.01
RAIN,EQ,10-Aug-2026,222.88,221.01,222.0,202.5,202.9,204.58,213.12,12975482,27653.07,106303, 5081419, 39.16
RAINBOW,EQ,10-Aug-2026,1556.7,1550.0,1553.8,1532.1,1536.7,1538.6,1540.65,79401,1223.29,11077, 55864, 70.36
RAJESHEXPO,BZ,10-Aug-2026,83.58,83.1,83.17,81.5,82.0,81.94,82.12,107933,88.63,1775, -, -
RAJINDLTD,SM,10-Aug-2026,70.95,71.4,71.4,69.0,69.0,69.0,69.66,6000,4.18,4, 4500, 75.00
RAJMET,EQ,10-Aug-2026,3.35,3.35,3.39,3.25,3.34,3.32,3.32,243936,8.11,670, 150223, 61.58
RAJOOENG,BE,10-Aug-2026,51.68,52.5,52.5,51.18,51.45,51.5,51.63,94860,48.98,489, -, -
RAJPALAYAM,EQ,10-Aug-2026,818.95,817.5,844.9,817.5,830.0,837.35,832.55,2462,20.5,177, 1839, 74.70
RAJPUTANA,SM,10-Aug-2026,218.35,218.35,218.35,215.0,216.0,216.0,216.27,2500,5.41,5, 2500, 100.00
RAJRATAN,EQ,10-Aug-2026,525.0,523.85,531.4,512.0,527.5,527.2,524.01,101056,529.55,5229, 45814, 45.34
RAJRILTD,BE,10-Aug-2026,21.85,22.28,22.28,21.56,22.22,22.2,22.05,7767,1.71,114, -, -
RAJSREESUG,EQ,10-Aug-2026,30.19,30.5,31.99,30.19,31.02,31.37,31.26,61863,19.34,482, 39341, 63.59
RAJTV,EQ,10-Aug-2026,10.11,10.3,10.35,10.17,10.35,10.33,10.27,41516,4.26,140, 36977, 89.07
RAJVIR,BZ,10-Aug-2026,5.64,5.64,5.64,5.64,5.64,5.64,5.64,1,0.0,1, -, -
RALLIS,EQ,10-Aug-2026,213.03,211.97,214.28,210.3,213.2,213.14,212.49,951768,2022.4,23441, 496675, 52.18
RAMANEWS,EQ,10-Aug-2026,33.08,32.35,35.0,32.25,34.0,33.76,33.69,109113,36.76,481, 74935, 68.68
RAMAPHO,EQ,10-Aug-2026,123.3,124.9,125.4,119.9,120.6,120.25,121.38,91456,111.01,1929, 61284, 67.01
RAMASTEEL,BE,10-Aug-2026,4.82,4.8,4.8,4.76,4.76,4.76,4.79,857552,41.1,2068, -, -
RAMBHAJO,EQ,10-Aug-2026,185.21,184.8,197.07,181.13,194.1,193.9,192.12,807563,1551.45,7629, 484880, 60.04
RAMCOCEM,EQ,10-Aug-2026,933.8,920.0,989.3,920.0,951.0,953.75,967.71,1690958,16363.61,73761, 308450, 18.24
RAMCOIND,EQ,10-Aug-2026,339.65,344.0,395.5,335.7,377.0,377.2,377.34,21233222,80121.25,230804, 1198413, 5.64
RAMCOSYS,EQ,10-Aug-2026,637.9,637.0,669.75,628.0,669.75,669.75,654.12,221924,1451.64,6853, 90085, 40.59
RAMKY,EQ,10-Aug-2026,406.85,406.1,407.45,400.0,400.0,401.3,403.53,29390,118.6,900, 20256, 68.92
RAMRAT,EQ,10-Aug-2026,461.6,464.0,471.0,455.0,457.0,457.8,463.26,119458,553.41,5317, 64404, 53.91
RANASUG,EQ,10-Aug-2026,12.53,12.8,13.48,12.56,13.34,13.29,13.26,810463,107.46,2225, 554515, 68.42
RANEHOLDIN,EQ,10-Aug-2026,1766.2,1766.1,1791.9,1740.0,1746.5,1748.9,1763.25,8207,144.71,1336, 4880, 59.46
RAPIDFLEET,SM,10-Aug-2026,174.4,167.15,167.15,167.15,167.15,167.15,167.15,600,1.0,1, 600, 100.00
RAPPID,SM,10-Aug-2026,324.15,324.55,324.55,324.55,324.55,324.55,324.55,600,1.95,1, 600, 100.00
RATEGAIN,EQ,10-Aug-2026,949.15,966.5,991.9,928.0,934.0,932.55,957.34,842671,8067.24,33627, 322402, 38.26
RATNAMANI,EQ,10-Aug-2026,2197.6,2406.0,2412.6,2212.6,2272.0,2269.1,2287.53,250388,5727.69,23389, 86564, 34.57
RATNAVEER,EQ,10-Aug-2026,206.1,207.38,215.3,206.5,209.25,207.89,210.7,4225309,8902.75,26244, 1432243, 33.90
RAYMOND,EQ,10-Aug-2026,614.95,616.0,637.25,605.2,627.0,627.0,627.91,928797,5832.04,27971, 414353, 44.61
RAYMONDLSL,EQ,10-Aug-2026,731.8,737.65,746.8,725.0,730.0,728.55,735.02,94432,694.09,4334, 53128, 56.26
RAYMONDREL,EQ,10-Aug-2026,690.0,615.0,649.9,601.0,614.0,607.05,625.42,1801444,11266.68,47781, 757153, 42.03
RBA,EQ,10-Aug-2026,94.92,95.05,95.06,89.51,90.87,90.23,91.76,13979896,12828.07,54970, 4607113, 32.96
RBLBANK,EQ,10-Aug-2026,389.8,388.85,392.0,386.7,391.0,391.0,389.52,1906856,7427.67,38469, 1013921, 53.17
RBMINFRA,SM,10-Aug-2026,266.0,273.8,273.8,258.0,263.0,259.8,261.36,19200,50.18,84, 15600, 81.25
RBS,SM,10-Aug-2026,91.5,93.0,94.5,86.0,91.55,93.65,92.97,33600,31.24,26, 27200, 80.95
RBZJEWEL,EQ,10-Aug-2026,150.91,149.89,155.75,149.89,152.0,152.27,153.07,67931,103.98,1569, 38596, 56.82
RCDL,SM,10-Aug-2026,29.9,28.3,30.0,28.3,30.0,30.0,29.56,12000,3.55,4, 6000, 50.00
RCF,EQ,10-Aug-2026,126.92,126.89,127.9,126.01,127.16,127.2,127.16,586298,745.54,5251, 275988, 47.07
RCOM,BE,10-Aug-2026,0.84,0.85,0.85,0.83,0.83,0.83,0.84,3909505,32.83,2231, -, -
READYMIX,SM,10-Aug-2026,113.8,101.0,117.0,101.0,113.8,112.15,110.97,18000,19.97,16, 7000, 38.89
RECLTD,EQ,10-Aug-2026,367.0,366.3,366.3,342.0,343.75,343.75,350.5,12493406,43788.81,101017, 6881485, 55.08
REDINGTON,EQ,10-Aug-2026,354.85,349.0,357.8,348.3,352.1,353.2,354.46,2226152,7890.74,37114, 897260, 40.31
REDTAPE,EQ,10-Aug-2026,139.97,141.14,148.49,132.71,135.5,134.49,138.71,3945808,5473.24,46028, 769807, 19.51
REFEX,EQ,10-Aug-2026,292.9,293.9,302.4,290.5,298.0,296.7,296.53,567121,1681.68,7732, 187750, 33.11
REFRACTORY,SM,10-Aug-2026,25.3,26.4,26.55,26.4,26.55,26.55,26.51,8000,2.12,8, 8000, 100.00
REGAAL,BE,10-Aug-2026,86.25,86.7,86.7,81.96,83.55,83.52,83.29,156455,130.31,714, -, -
REGENCERAM,EQ,10-Aug-2026,32.65,32.7,32.9,31.0,32.9,32.71,32.42,5553,1.8,93, 4720, 85.00
RELAXO,EQ,10-Aug-2026,423.45,420.8,428.0,418.0,422.0,424.45,424.29,242396,1028.46,9700, 90703, 37.42
RELCHEMQ,EQ,10-Aug-2026,129.76,129.12,132.0,128.08,129.4,130.06,130.07,1638,2.13,77, 870, 53.11
RELIABLE,EQ,10-Aug-2026,147.12,148.59,148.59,145.24,148.0,147.04,146.86,13521,19.86,426, 2058, 15.22
RELIANCE,EQ,10-Aug-2026,1334.8,1330.1,1332.9,1321.3,1327.3,1327.3,1326.94,8207102,108903.05,160982, 5393844, 65.72
RELIGARE,EQ,10-Aug-2026,232.35,232.3,235.1,227.5,230.0,229.6,230.87,1435742,3314.68,24356, 875895, 61.01
RELINFRA,BE,10-Aug-2026,76.56,76.4,76.4,72.74,72.74,72.74,73.32,1297708,951.52,4602, -, -
RELTD,EQ,10-Aug-2026,167.29,165.97,169.99,162.03,165.68,166.57,166.38,239064,397.76,4259, 116256, 48.63
REMSONSIND,EQ,10-Aug-2026,90.24,90.24,91.67,88.1,88.7,88.71,89.56,117489,105.23,1595, 73936, 62.93
REMUS,SM,10-Aug-2026,842.25,862.95,862.95,825.0,833.0,834.75,842.75,14800,124.73,90, 12600, 85.14
RENUKA,EQ,10-Aug-2026,22.17,22.2,22.83,22.05,22.57,22.44,22.54,5024865,1132.77,9694, 1729094, 34.41
REPCOHOME,EQ,10-Aug-2026,382.7,382.0,384.7,378.6,379.6,380.85,381.8,80895,308.86,4622, 52118, 64.43
REPL,BE,10-Aug-2026,67.39,70.0,70.0,65.21,67.0,67.08,66.72,1009,0.67,26, -, -
REPRO,EQ,10-Aug-2026,371.15,371.15,377.8,345.5,347.0,354.3,359.34,37777,135.75,1170, 29106, 77.05
RESPONIND,EQ,10-Aug-2026,169.44,174.5,174.5,168.37,169.89,169.38,171.05,137555,235.28,2410, 49543, 36.02
RETAIL,EQ,10-Aug-2026,16.27,16.45,17.77,16.27,17.45,17.4,17.29,7290,1.26,102, 6230, 85.46
REXPRO,SM,10-Aug-2026,38.1,39.4,39.7,39.4,39.7,39.4,39.41,47000,18.52,2, 47000, 100.00
RFBL,ST,10-Aug-2026,83.15,80.0,87.3,80.0,87.3,87.3,84.44,12000,10.13,4, 12000, 100.00
RGL,EQ,10-Aug-2026,123.2,123.5,127.4,113.62,115.88,116.77,117.58,1045768,1229.59,8748, 481930, 46.08
RHETAN,EQ,10-Aug-2026,33.36,33.85,33.97,33.75,33.77,33.76,33.78,11432474,3861.92,3367, 3936945, 34.44
RHFL,BZ,10-Aug-2026,1.88,1.88,1.88,1.79,1.83,1.83,1.83,703695,12.9,1046, -, -
RHIM,EQ,10-Aug-2026,412.8,414.0,433.0,409.0,424.0,423.35,425.04,1616387,6870.29,30613, 656137, 40.59
RHL,EQ,10-Aug-2026,171.76,171.76,173.4,167.76,169.1,169.44,170.37,2616,4.46,113, 1457, 55.70
RICHA,ST,10-Aug-2026,93.0,88.55,90.0,88.5,90.0,90.0,89.26,4000,3.57,4, 4000, 100.00
RICOAUTO,EQ,10-Aug-2026,151.53,151.8,151.88,141.51,142.99,142.52,145.62,2767150,4029.5,25792, 1103491, 39.88
RIIL,EQ,10-Aug-2026,758.55,758.55,763.5,751.05,751.2,754.3,754.8,16851,127.19,973, 5753, 34.14
RIIT,IV,10-Aug-2026,116.98,118.9,118.9,116.3,116.9,116.86,116.59,718080,837.23,1883, 696276, 96.96
RILINFRA,SM,10-Aug-2026,37.75,38.5,38.5,37.0,37.95,37.85,37.62,13700,5.15,66, 8900, 64.96
RIR,EQ,10-Aug-2026,161.44,162.58,162.58,156.76,161.0,157.96,159.0,74842,119.0,2199, 47374, 63.30
RISHABH,EQ,10-Aug-2026,639.2,643.95,680.05,641.35,670.1,671.9,672.15,482144,3240.73,23006, 277262, 57.51
RITCO,EQ,10-Aug-2026,297.35,299.0,310.8,296.0,305.0,306.2,305.79,156384,478.21,5244, 72383, 46.29
RITES,EQ,10-Aug-2026,234.24,233.07,234.1,229.57,232.0,232.84,231.98,729985,1693.39,14128, 285488, 39.11
RKDL,EQ,10-Aug-2026,19.47,19.79,19.79,19.0,19.35,19.06,19.24,6519,1.25,83, 4541, 69.66
RKEC,EQ,10-Aug-2026,27.42,27.44,28.0,26.37,26.45,26.6,27.1,23825,6.46,174, 18309, 76.85
RKFORGE,EQ,10-Aug-2026,726.55,730.0,763.5,728.45,738.0,736.2,748.53,3366616,25200.01,67755, 1502472, 44.63
RKSWAMY,EQ,10-Aug-2026,103.33,103.34,107.5,103.34,106.9,106.41,106.33,29389,31.25,672, 17734, 60.34
RMC,EQ,10-Aug-2026,335.5,336.5,345.4,324.55,336.0,333.95,335.99,21553,72.42,908, 11563, 53.65
RMDRIP,BE,10-Aug-2026,18.13,17.91,18.04,17.45,17.75,17.76,17.81,133953,23.86,549, -, -
RML,EQ,10-Aug-2026,1053.7,1057.7,1110.0,1053.7,1054.0,1055.4,1075.63,49048,527.57,4358, 19278, 39.30
RNBDENIMS,EQ,10-Aug-2026,9.06,9.1,9.34,8.91,8.93,9.06,9.06,263298,23.87,948, 190190, 72.23
RNFI,SM,10-Aug-2026,280.75,259.95,286.0,256.0,275.0,276.55,272.51,116400,317.2,128, 76200, 65.46
RNPL,SM,10-Aug-2026,84.9,83.5,85.5,80.7,84.75,84.75,82.86,9600,7.95,7, 7200, 75.00
ROCKINGDCE,SM,10-Aug-2026,175.95,171.15,171.15,165.45,165.45,165.45,169.5,3500,5.93,14, 3250, 92.86
ROHLTD,EQ,10-Aug-2026,323.2,328.9,330.0,319.55,322.4,323.2,323.63,31816,102.96,906, 21397, 67.25
ROLEXRINGS,EQ,10-Aug-2026,156.68,157.45,159.34,153.78,155.45,155.26,156.56,2002119,3134.43,19205, 1024512, 51.17
ROLLT,BE,10-Aug-2026,3.11,3.26,3.26,2.96,3.02,3.01,3.2,1508594,48.24,528, -, -
ROML,EQ,10-Aug-2026,44.81,44.5,45.39,44.11,44.51,44.53,44.6,1667,0.74,51, 1099, 65.93
ROSSARI,EQ,10-Aug-2026,513.95,511.0,512.95,506.8,507.7,508.9,509.71,35571,181.31,1443, 18847, 52.98
ROSSELLIND,EQ,10-Aug-2026,56.52,57.49,57.5,56.41,56.41,56.53,56.87,17123,9.74,647, 10376, 60.60
ROSSTECH,EQ,10-Aug-2026,1092.65,1102.7,1111.0,1080.0,1094.0,1094.5,1095.38,212642,2329.23,16497, 99180, 46.64
ROTO,EQ,10-Aug-2026,67.47,68.9,69.78,66.0,66.3,66.34,67.64,1092036,738.69,8069, 368461, 33.74
ROUTE,EQ,10-Aug-2026,528.3,528.35,539.55,521.85,534.0,535.5,532.33,296025,1575.84,9566, 97229, 32.84
ROXHITECH,SM,10-Aug-2026,48.4,48.4,48.4,47.0,48.0,48.0,47.94,6400,3.07,4, 4800, 75.00
ROYALARC,SM,10-Aug-2026,156.0,160.0,160.0,160.0,160.0,160.0,160.0,1200,1.92,1, 1200, 100.00
RPEL,EQ,10-Aug-2026,1256.5,1256.5,1324.0,1249.5,1319.0,1313.8,1303.89,101599,1324.74,9056, 60195, 59.25
RPGLIFE,EQ,10-Aug-2026,2661.3,2662.0,2698.2,2625.0,2637.0,2638.0,2665.45,9798,261.16,1945, 5968, 60.91
RPOWER,EQ,10-Aug-2026,24.34,24.34,24.37,23.77,23.96,23.96,23.98,19181926,4600.55,33097, 6259900, 32.63
RPPINFRA,EQ,10-Aug-2026,57.86,57.95,62.9,57.95,61.0,60.83,60.97,133240,81.24,1749, 70368, 52.81
RPPL,EQ,10-Aug-2026,25.81,25.86,26.59,25.86,26.5,26.11,26.25,286632,75.23,1114, 171499, 59.83
RPSGVENT,EQ,10-Aug-2026,920.1,911.0,929.0,902.0,923.9,909.6,918.54,9161,84.15,790, 4846, 52.90
RPTECH,EQ,10-Aug-2026,894.65,894.8,909.65,889.0,893.95,896.7,899.66,327267,2944.28,18511, 167907, 51.31
RRIL,EQ,10-Aug-2026,17.45,17.45,18.2,17.0,17.36,17.17,17.41,31564,5.5,176, 17155, 54.35
RRKABEL,EQ,10-Aug-2026,2759.5,2760.0,2795.0,2727.0,2757.0,2756.9,2763.5,216591,5985.48,23619, 85266, 39.37
RSDFIN,BE,10-Aug-2026,144.82,138.0,138.0,137.58,137.58,137.58,137.63,1537,2.12,33, -, -
RSL,EQ,10-Aug-2026,152.72,152.59,156.5,152.4,154.0,154.93,155.2,376521,584.37,3595, 176013, 46.75
RSSOFTWARE,BE,10-Aug-2026,29.52,29.9,30.4,29.52,30.05,30.06,30.02,20972,6.3,72, -, -
RSWM,BE,10-Aug-2026,207.63,205.04,214.5,203.0,205.8,205.31,209.2,35400,74.06,358, -, -
RSYSTEMS,EQ,10-Aug-2026,247.85,247.85,249.35,243.0,245.3,245.05,246.05,195801,481.76,4162, 89157, 45.53
RTL,SM,10-Aug-2026,81.9,82.1,82.2,82.0,82.0,82.0,82.1,6000,4.93,3, 4000, 66.67
RTNINDIA,EQ,10-Aug-2026,31.79,31.93,31.93,31.2,31.35,31.26,31.45,711296,223.67,3693, 384547, 54.06
RTNPOWER,EQ,10-Aug-2026,8.68,8.7,8.74,8.57,8.66,8.66,8.66,9697410,839.69,10625, 3468661, 35.77
RUBFILA,EQ,10-Aug-2026,73.52,71.6,73.0,70.8,71.69,71.42,71.71,29787,21.36,395, 23177, 77.81
RUBICON,EQ,10-Aug-2026,1553.2,1560.0,1612.0,1559.0,1585.1,1596.3,1592.58,182393,2904.75,14508, 71188, 39.03
RUBYMILLS,BE,10-Aug-2026,378.5,386.75,396.95,371.0,375.0,374.85,383.73,4143,15.9,158, -, -
RUCHINFRA,EQ,10-Aug-2026,5.82,5.9,5.9,5.56,5.67,5.61,5.67,126387,7.17,395, 88737, 70.21
RUCHIRA,EQ,10-Aug-2026,111.18,111.2,112.5,110.52,111.6,111.02,111.09,27563,30.62,323, 21306, 77.30
RUDRA,EQ,10-Aug-2026,17.76,18.26,18.26,17.53,18.04,17.98,18.12,45105,8.17,125, 24347, 53.98
RULKA,SM,10-Aug-2026,110.0,110.0,115.25,110.0,110.0,110.25,113.6,7800,8.86,22, 6900, 88.46
RUPA,EQ,10-Aug-2026,164.85,165.5,166.4,163.61,164.8,165.29,165.08,89561,147.85,2313, 46155, 51.53
RUSHIL,EQ,10-Aug-2026,17.82,17.77,17.79,16.86,16.97,16.98,17.23,806532,138.98,2151, 421131, 52.22
RUSTOMJEE,EQ,10-Aug-2026,380.0,378.6,388.9,368.0,369.0,369.65,374.42,140784,527.13,6066, 83666, 59.43
RVHL,EQ,10-Aug-2026,43.51,43.54,44.25,42.3,43.11,43.69,43.72,9522,4.16,203, 6792, 71.33
RVNL,EQ,10-Aug-2026,233.38,233.39,233.39,230.05,230.68,230.68,231.23,2315754,5354.81,24033, 905532, 39.10
RVTH,EQ,10-Aug-2026,733.45,706.05,731.95,696.0,716.0,720.6,710.09,840,5.96,101, 682, 81.19
S&SPOWER,EQ,10-Aug-2026,317.95,317.0,339.4,316.7,322.25,322.1,322.15,2986,9.62,123, 2327, 77.93
SAAKSHI,ST,10-Aug-2026,289.0,277.15,277.15,277.15,277.15,277.15,277.15,1200,3.33,1, 1200, 100.00
SAATVIKGL,EQ,10-Aug-2026,423.65,423.65,424.3,416.6,419.0,418.9,419.45,47722,200.17,1751, 36109, 75.67
SABAR,SM,10-Aug-2026,6.55,6.85,6.85,6.85,6.85,6.85,6.85,5000,0.34,1, 5000, 100.00
SACHEEROME,SM,10-Aug-2026,459.35,459.35,475.0,459.35,465.0,465.45,468.38,20100,94.14,58, 14400, 71.64
SADBHAV,EQ,10-Aug-2026,8.94,8.87,9.16,8.84,8.86,8.86,8.99,62024,5.57,214, 44667, 72.02
SADBHIN,BE,10-Aug-2026,2.61,2.6,2.68,2.54,2.68,2.67,2.65,139892,3.71,130, -, -
SADHAV,SM,10-Aug-2026,115.85,115.85,115.85,112.25,115.5,115.5,114.45,6600,7.55,11, 6000, 90.91
SADHNANIQ,BE,10-Aug-2026,3.02,3.17,3.17,3.12,3.17,3.17,3.17,5089283,161.32,843, -, -
SAFARI,EQ,10-Aug-2026,1486.6,1498.0,1525.0,1487.3,1507.0,1503.6,1507.79,20535,309.63,3070, 9993, 48.66
SAFEENTP,SM,10-Aug-2026,249.5,250.0,254.8,245.1,248.0,246.15,249.13,20000,49.83,37, 13000, 65.00
SAGARDEEP,EQ,10-Aug-2026,24.86,24.52,25.39,24.52,24.68,24.69,24.83,3645,0.91,91, 2028, 55.64
SAGCEM,EQ,10-Aug-2026,173.01,174.95,174.95,171.45,172.01,172.09,172.73,22628,39.08,763, 15233, 67.32
SAGILITY,EQ,10-Aug-2026,43.67,43.67,44.4,43.5,43.73,43.64,43.97,15875055,6980.62,33193, 7552543, 47.57
SAHAJSOLAR,SM,10-Aug-2026,109.65,109.15,111.0,108.5,108.8,109.1,109.75,13600,14.93,30, 9600, 70.59
SAHANA,SM,10-Aug-2026,812.05,812.0,822.0,795.0,810.0,807.45,813.07,20700,168.31,84, 12000, 57.97
SAHASRA,ST,10-Aug-2026,337.5,340.0,344.15,329.3,330.55,331.05,337.31,19600,66.11,46, 17600, 89.80
SAHLIBHFI,EQ,10-Aug-2026,77.38,77.4,79.04,75.0,75.01,75.21,76.08,9253,7.04,302, 8273, 89.41
SAHYADRI,EQ,10-Aug-2026,335.45,337.0,351.75,335.05,351.0,349.85,347.14,39066,135.61,1867, 29839, 76.38
SAIFL,SM,10-Aug-2026,5.0,5.0,5.05,4.95,5.0,5.0,5.0,100000,5.0,19, 76000, 76.00
SAIL,EQ,10-Aug-2026,176.58,177.0,180.11,168.46,172.45,172.45,174.09,28747160,50044.83,96329, 8727007, 30.36
SAILIFE,EQ,10-Aug-2026,1365.2,1379.0,1473.5,1370.0,1429.0,1426.2,1438.29,2551039,36691.43,108485, 623550, 24.44
SAIPARENT,EQ,10-Aug-2026,569.7,579.95,594.0,572.0,587.0,587.5,584.32,267404,1562.51,7821, 151078, 56.50
SAJHOTELS,ST,10-Aug-2026,42.95,41.5,41.5,40.9,40.9,40.95,41.13,6000,2.47,3, 6000, 100.00
SAKAR,EQ,10-Aug-2026,924.65,937.6,964.0,901.0,910.0,904.8,929.4,158708,1475.03,11741, 69374, 43.71
SAKHTISUG,EQ,10-Aug-2026,17.21,17.16,17.89,17.16,17.56,17.58,17.64,83750,14.77,398, 45159, 53.92
SAKSOFT,EQ,10-Aug-2026,165.05,165.05,168.2,163.35,166.5,165.55,165.78,616657,1022.29,8609, 198197, 32.14
SAKUMA,EQ,10-Aug-2026,1.63,1.65,1.7,1.63,1.69,1.68,1.66,1540352,25.58,851, 1120073, 72.72
SALASAR,EQ,10-Aug-2026,5.88,5.88,5.88,5.81,5.83,5.84,5.84,2288518,133.75,2678, 1344258, 58.74
SALONA,EQ,10-Aug-2026,245.1,245.0,249.97,240.1,240.11,240.63,241.72,352,0.85,20, 169, 48.01
SALSTEEL,EQ,10-Aug-2026,61.75,62.0,64.84,58.1,59.0,59.01,61.36,159259,97.73,2179, 116103, 72.90
SALZERELEC,EQ,10-Aug-2026,608.95,550.0,597.85,549.8,575.0,571.05,577.01,289865,1672.55,13339, 111853, 38.59
SAMAY,ST,10-Aug-2026,41.5,39.5,39.5,39.5,39.5,39.5,39.5,48000,18.96,2, 48000, 100.00
SAMBHAAV,EQ,10-Aug-2026,6.47,6.4,6.54,6.15,6.53,6.37,6.39,12315,0.79,65, 9725, 78.97
SAMBHV,EQ,10-Aug-2026,116.89,117.0,122.75,117.0,122.1,121.97,120.59,1704873,2055.83,14434, 885762, 51.95
SAMHI,EQ,10-Aug-2026,174.65,173.65,174.0,168.97,169.6,169.8,171.55,1465211,2513.59,16030, 982696, 67.07
SAMMAANCAP,EQ,10-Aug-2026,163.17,163.5,164.8,161.1,161.71,162.3,162.83,3901979,6353.67,19880, 1986639, 50.91
SAMPANN,EQ,10-Aug-2026,27.52,27.2,28.15,26.75,27.29,27.02,27.05,64018,17.32,292, 57731, 90.18
SANATHAN,EQ,10-Aug-2026,477.8,481.0,488.5,475.4,480.5,481.9,482.27,41336,199.35,1736, 17247, 41.72
SANDESH,EQ,10-Aug-2026,1134.45,1154.95,1154.95,1065.4,1102.7,1096.55,1097.98,7570,83.12,660, 3766, 49.75
SANDHAR,EQ,10-Aug-2026,666.65,670.0,675.45,650.05,651.9,654.1,662.2,291523,1930.46,9467, 158145, 54.25
SANDUMA,EQ,10-Aug-2026,205.37,205.4,209.64,202.97,204.9,204.9,206.38,924941,1908.92,14595, 305959, 33.08
SANGAMIND,EQ,10-Aug-2026,611.8,612.0,613.7,579.2,585.0,586.35,591.93,53979,319.52,1895, 38528, 71.38
SANGANI,SM,10-Aug-2026,45.0,46.0,46.0,46.0,46.0,46.0,46.0,3000,1.38,2, 3000, 100.00
SANGHVIMOV,EQ,10-Aug-2026,488.4,504.0,528.0,496.0,513.0,511.4,516.41,1897195,9797.38,44833, 774808, 40.84
SANGINITA,BE,10-Aug-2026,59.1,57.92,57.92,57.92,57.92,57.92,57.92,45451,26.33,85, -, -
SANOFI,EQ,10-Aug-2026,3349.4,3340.0,3341.9,3321.1,3341.3,3327.0,3328.82,10836,360.71,2708, 6802, 62.77
SANOFICONR,EQ,10-Aug-2026,4514.2,4514.7,4532.0,4456.1,4485.0,4505.9,4487.27,3460,155.26,706, 2158, 62.37
SANSERA,EQ,10-Aug-2026,3863.8,3863.8,3938.0,3800.0,3861.0,3812.4,3871.29,194946,7546.93,31674, 87798, 45.04
SANSTAR,EQ,10-Aug-2026,113.41,113.41,114.97,112.33,112.5,112.96,113.04,94701,107.05,1792, 50225, 53.04
SANWARIA,BZ,10-Aug-2026,0.2,0.21,0.21,0.19,0.21,0.2,0.2,352757,0.72,188, -, -
SAPPHIRE,EQ,10-Aug-2026,224.22,221.79,224.0,212.8,222.78,220.62,219.26,3429380,7519.25,52278, 840837, 24.52
SAPPL,EQ,10-Aug-2026,288.0,310.0,310.0,299.55,299.55,299.55,302.58,7,0.02,5, 7, 100.00
SARDAEN,EQ,10-Aug-2026,497.6,499.9,506.0,496.15,500.0,500.5,502.73,204685,1029.01,10187, 95537, 46.68
SAREGAMA,EQ,10-Aug-2026,519.2,519.2,532.65,509.25,527.1,530.05,524.9,408612,2144.78,16363, 136002, 33.28
SARLAPOLY,EQ,10-Aug-2026,101.75,102.0,102.59,97.75,99.67,99.3,100.41,64525,64.79,1223, 40535, 62.82
SAROJA,SM,10-Aug-2026,28.0,29.4,29.4,29.3,29.35,29.35,29.37,19200,5.64,10, 11200, 58.33
SARTELE,SM,10-Aug-2026,112.35,113.95,123.1,112.25,116.0,116.0,116.9,167000,195.22,267, 98000, 58.68
SARVESHWAR,EQ,10-Aug-2026,3.39,3.44,3.48,3.37,3.47,3.42,3.42,1683561,57.56,1505, 1345768, 79.94
SASKEN,EQ,10-Aug-2026,1920.6,1950.0,1981.4,1893.4,1911.8,1902.9,1922.54,16665,320.39,2404, 8108, 48.65
SATECH,SM,10-Aug-2026,32.4,34.2,34.35,34.2,34.35,34.35,34.28,3000,1.03,3, 3000, 100.00
SATIA,EQ,10-Aug-2026,63.48,63.7,63.7,61.9,62.6,62.3,62.74,70855,44.46,652, 40800, 57.58
SATIN,EQ,10-Aug-2026,231.78,230.31,233.67,225.17,226.43,226.89,229.12,283531,649.62,4172, 176448, 62.23
SATIPOLY,ST,10-Aug-2026,48.0,48.0,48.0,45.6,45.6,45.6,46.8,1000,0.47,2, 1000, 100.00
SATKARTAR,SM,10-Aug-2026,119.15,118.5,125.6,118.0,123.0,123.9,121.59,48000,58.36,39, 44000, 91.67
SATTVAENGG,SM,10-Aug-2026,84.45,82.0,82.0,82.0,82.0,82.0,82.0,1600,1.31,1, 1600, 100.00
SAURASHCEM,EQ,10-Aug-2026,62.14,62.27,63.5,60.0,60.91,60.7,61.69,137438,84.78,1873, 70479, 51.28
SAVY,SM,10-Aug-2026,129.3,132.0,133.5,129.5,129.5,130.65,131.59,15600,20.53,11, 14400, 92.31
SAWALIYA,SM,10-Aug-2026,288.5,290.0,290.0,284.0,284.0,285.5,286.86,18000,51.63,30, 16800, 93.33
SAYAJIHOTL,EQ,10-Aug-2026,325.45,325.5,325.5,311.0,312.0,312.0,322.45,109,0.35,8, 102, 93.58
SBC,EQ,10-Aug-2026,41.16,41.2,41.49,41.0,41.09,41.1,41.16,4993957,2055.74,3260, 2086671, 41.78
SBCL,EQ,10-Aug-2026,920.9,928.0,1105.05,921.25,1105.05,1105.05,1035.01,10977312,113616.11,307553, 1152004, 10.49
SBFC,EQ,10-Aug-2026,94.25,93.5,94.47,92.35,93.51,94.0,93.78,1482587,1390.32,15560, 824097, 55.59
SBGLP,EQ,10-Aug-2026,24.93,25.05,26.02,24.32,25.4,25.2,25.19,14604,3.68,92, 11200, 76.69
SBIBPB,EQ,10-Aug-2026,50.64,50.64,51.23,49.9,50.2,50.09,50.35,54234,27.31,587, 36289, 66.91
SBICARD,EQ,10-Aug-2026,659.0,658.05,664.95,646.2,655.0,655.0,652.93,2257835,14742.16,31038, 1530144, 67.77
SBIETFCON,EQ,10-Aug-2026,125.64,128.15,128.15,125.64,126.65,126.62,126.43,4908,6.21,131, 4491, 91.50
SBIETFIT,EQ,10-Aug-2026,350.14,350.14,354.47,350.14,352.0,351.31,352.53,8739,30.81,246, 5414, 61.95
SBIETFPB,EQ,10-Aug-2026,283.93,281.72,282.09,279.56,281.41,281.49,280.73,6275,17.62,169, 4107, 65.45
SBIETFQLTY,EQ,10-Aug-2026,229.0,230.0,230.76,229.0,229.0,229.93,229.89,3579,8.23,104, 3272, 91.42
SBIFUNDS,EQ,10-Aug-2026,571.75,571.75,573.2,567.1,570.0,570.65,569.98,1873654,10679.51,41982, 1172625, 62.58
SBILIFE,EQ,10-Aug-2026,1855.5,1855.5,1865.1,1836.0,1855.0,1855.0,1852.66,834293,15456.65,40640, 531323, 63.69
SBILIQETF,EQ,10-Aug-2026,1051.03,1051.16,1051.16,1051.14,1051.16,1051.15,1051.15,3519,36.99,37, 1960, 55.70
SBIMIDMOM,EQ,10-Aug-2026,63.91,65.19,65.19,62.61,64.22,64.19,64.21,487579,313.1,332, 461293, 94.61
SBIN,EQ,10-Aug-2026,1097.2,1108.0,1113.3,1068.6,1071.0,1071.0,1083.95,16623448,180189.88,299377, 7568799, 45.53
SBINEQWETF,EQ,10-Aug-2026,34.28,34.28,34.64,34.13,34.3,34.26,34.23,30980,10.6,359, 23205, 74.90
SBINMID150,EQ,10-Aug-2026,23.38,23.38,23.79,23.36,23.4,23.48,23.51,18639,4.38,166, 15848, 85.03
SBISILVER,EQ,10-Aug-2026,225.73,225.73,226.94,223.47,226.09,226.11,225.85,1299204,2934.25,8044, 592951, 45.64
SBISMLETF,EQ,10-Aug-2026,18.44,18.53,18.7,18.32,18.47,18.44,18.43,95510,17.61,273, 71881, 75.26
SBIVALETF,EQ,10-Aug-2026,15.15,15.15,15.25,15.05,15.2,15.13,15.11,3263,0.49,49, 3222, 98.74
SCANSTL,BE,10-Aug-2026,62.39,61.0,65.0,59.72,62.5,62.49,63.64,191592,121.92,349, -, -
SCHAEFFLER,EQ,10-Aug-2026,4035.2,4036.0,4104.6,4005.2,4077.0,4063.2,4070.52,75661,3079.79,17306, 44311, 58.57
SCHAND,EQ,10-Aug-2026,145.31,145.99,146.0,140.25,140.25,141.63,143.18,38235,54.75,1353, 25353, 66.31
SCHNEIDER,EQ,10-Aug-2026,1354.8,1358.3,1432.0,1341.0,1427.0,1424.9,1393.65,921329,12840.09,64068, 336635, 36.54
SCI,EQ,10-Aug-2026,304.75,305.75,305.95,294.0,295.05,294.95,298.56,2731094,8153.87,30212, 1172900, 42.95
SCILAL,EQ,10-Aug-2026,41.14,41.0,41.3,40.51,41.02,41.01,40.93,247615,101.34,1674, 172915, 69.83
SCML,SM,10-Aug-2026,83.0,85.0,87.85,83.9,86.0,86.0,85.55,12000,10.27,11, 6000, 50.00
SCODATUBES,EQ,10-Aug-2026,142.35,142.35,143.25,136.27,140.0,140.31,139.85,270844,378.78,4233, 146592, 54.12
SCPL,EQ,10-Aug-2026,639.9,641.0,665.0,621.05,626.0,631.35,648.03,133704,866.44,4639, 94726, 70.85
SDBL,EQ,10-Aug-2026,73.33,73.23,77.0,72.0,75.0,74.95,74.68,1451720,1084.19,10721, 499114, 34.38
SDREAMS,SM,10-Aug-2026,87.5,88.0,88.0,88.0,88.0,88.0,88.0,1000,0.88,1, 1000, 100.00
SEAMECLTD,EQ,10-Aug-2026,1527.7,1544.0,1557.9,1506.2,1530.0,1533.8,1527.89,36450,556.92,3041, 23617, 64.79
SECL,SZ,10-Aug-2026,2.75,2.65,2.65,2.65,2.65,2.65,2.65,12500,0.33,2, 12500, 100.00
SECMARK,EQ,10-Aug-2026,127.15,126.0,130.0,125.0,129.8,125.04,128.52,1257,1.62,24, 1153, 91.73
SECURKLOUD,EQ,10-Aug-2026,19.42,19.66,19.75,18.53,19.66,19.41,19.29,39169,7.56,192, 31717, 80.97
SEDEMAC,EQ,10-Aug-2026,2810.4,2811.0,2999.0,2804.3,2916.0,2908.3,2914.23,730707,21294.47,60654, 410351, 56.16
SEIL,EQ,10-Aug-2026,202.41,204.92,205.55,201.0,201.99,202.29,203.71,125845,256.35,1723, 85601, 68.02
SEJALLTD,BE,10-Aug-2026,718.45,718.45,725.0,695.0,715.0,715.0,713.28,5525,39.41,174, -, -
SEL,SM,10-Aug-2026,221.9,220.0,243.0,220.0,243.0,243.0,239.03,13600,32.51,21, 7000, 51.47
SELECTIPO,EQ,10-Aug-2026,48.09,49.05,49.05,48.02,48.16,48.28,48.27,81329,39.26,168, 60889, 74.87
SELMC,EQ,10-Aug-2026,27.38,26.64,27.89,26.64,26.83,26.99,27.32,5549,1.52,89, 4129, 74.41
SEMAC,BE,10-Aug-2026,307.4,306.5,319.9,306.0,306.0,306.0,309.43,294,0.91,20, -, -
SENCO,EQ,10-Aug-2026,388.8,395.0,406.0,392.9,399.5,398.85,400.08,1660781,6644.41,33477, 536806, 32.32
SENORES,EQ,10-Aug-2026,1342.6,1347.7,1438.0,1325.1,1425.0,1422.2,1396.36,565542,7897.0,33273, 291570, 51.56
SENSEXADD,EQ,10-Aug-2026,81.05,81.05,81.15,80.79,80.79,80.79,81.02,714,0.58,34, 643, 90.06
SENSEXAXIS,EQ,10-Aug-2026,80.84,82.86,82.86,80.3,80.8,81.25,81.58,5591,4.56,120, 1155, 20.66
SENSEXBETA,EQ,10-Aug-2026,870.65,872.0,878.0,868.0,868.0,869.63,872.56,5799,50.6,254, 4799, 82.76
SENSEXETF,EQ,10-Aug-2026,81.09,81.45,81.45,80.79,81.02,81.02,81.16,47052,38.19,272, 7837, 16.66
SENSEXIETF,EQ,10-Aug-2026,904.29,909.1,915.01,901.0,915.0,909.09,907.51,21298,193.28,468, 17686, 83.04
SEPC,EQ,10-Aug-2026,6.18,6.21,6.32,6.15,6.26,6.25,6.23,10109655,630.08,5851, 4035477, 39.92
SERVICE,SM,10-Aug-2026,61.0,61.0,61.0,61.0,61.0,61.0,61.0,4000,2.44,2, 4000, 100.00
SERVOTECH,EQ,10-Aug-2026,84.62,84.32,85.59,83.38,85.55,85.12,84.75,436653,370.08,4906, 196312, 44.96
SESHAPAPER,EQ,10-Aug-2026,229.21,232.9,234.39,228.84,233.5,233.06,232.35,30676,71.28,949, 21045, 68.60
SETCO,BE,10-Aug-2026,17.75,18.0,18.0,17.9,17.92,17.92,17.93,11514,2.06,50, -, -
SETF10GILT,EQ,10-Aug-2026,266.9,267.44,267.44,265.66,266.43,266.41,266.31,827,2.2,74, 489, 59.13
SETFGOLD,EQ,10-Aug-2026,127.36,124.17,129.04,124.17,128.64,128.66,128.5,9092965,11684.47,21486, 6145332, 67.58
SETFNIF50,EQ,10-Aug-2026,264.41,268.4,268.4,262.5,265.15,264.97,264.93,371123,983.22,6327, 225337, 60.72
SETFNIFBK,EQ,10-Aug-2026,591.74,592.35,596.9,591.5,594.6,593.24,593.2,191964,1138.74,794, 178400, 92.93
SETFNN50,EQ,10-Aug-2026,801.58,799.2,806.49,798.18,804.9,803.25,802.4,39888,320.06,1719, 27625, 69.26
SETL,EQ,10-Aug-2026,281.0,281.0,284.35,274.25,282.1,283.75,279.99,423549,1185.9,6485, 243213, 57.42
SETUINFRA,BZ,10-Aug-2026,0.41,0.42,0.42,0.4,0.4,0.4,0.4,10145,0.04,16, -, -
SEYAIND,BE,10-Aug-2026,12.53,12.78,12.78,12.29,12.75,12.75,12.67,2669,0.34,37, -, -
SFL,EQ,10-Aug-2026,677.4,680.8,687.0,662.15,675.3,673.3,673.55,306345,2063.38,13091, 122947, 40.13
SGBAPR28I,GB,10-Aug-2026,14795.06,14900.0,14970.0,14865.01,14900.0,14902.52,14889.08,216,32.16,39, 162, 75.00
SGBAUG27,GB,10-Aug-2026,14730.0,14900.0,14995.0,14832.12,14995.0,14911.0,14925.92,13,1.94,8, 8, 61.54
SGBAUG28V,GB,10-Aug-2026,14789.82,14835.0,14934.99,14801.01,14900.0,14894.53,14875.61,632,94.01,132, 547, 86.55
SGBAUG29V,GB,10-Aug-2026,14823.5,14823.5,15150.0,14823.5,14950.0,14922.66,14924.53,521,77.76,78, 316, 60.65
SGBAUG30,GB,10-Aug-2026,14867.88,14900.0,15030.0,14900.0,15015.0,15018.41,14964.09,430,64.35,79, 286, 66.51
SGBD29VIII,GB,10-Aug-2026,14811.05,14910.0,14980.0,14900.0,14980.0,14940.66,14919.33,89,13.28,25, 65, 73.03
SGBDC27VII,GB,10-Aug-2026,14750.0,14900.0,14900.0,14825.5,14900.0,14867.33,14896.42,69,10.28,6, 69, 100.00
SGBDE30III,GB,10-Aug-2026,14842.46,14727.05,15063.64,14727.05,15000.0,15000.0,14990.83,163,24.44,42, 126, 77.30
SGBDE31III,GB,10-Aug-2026,15051.08,15000.0,15198.99,15000.0,15150.0,15181.18,15125.41,1597,241.55,301, 1170, 73.26
SGBDEC26,GB,10-Aug-2026,14735.0,14800.0,14800.0,14800.0,14800.0,14800.0,14800.0,10,1.48,2, 10, 100.00
SGBFEB27,GB,10-Aug-2026,14689.0,14555.0,15890.0,14551.0,15001.0,15001.0,14791.89,19,2.81,5, 10, 52.63
SGBFEB28IX,GB,10-Aug-2026,14740.0,14740.0,14740.0,14740.0,14740.0,14740.0,14740.0,2,0.29,1, 2, 100.00
SGBFEB29XI,GB,10-Aug-2026,14650.01,14661.0,14909.98,14661.0,14909.98,14909.98,14861.41,160,23.78,39, 115, 71.88
SGBFEB32IV,GB,10-Aug-2026,15111.47,15187.03,15298.99,15026.2,15200.0,15193.95,15150.97,6536,990.27,766, 3990, 61.05
SGBJ28VIII,GB,10-Aug-2026,14660.0,14899.99,14899.99,14742.01,14899.97,14899.97,14895.34,34,5.06,4, 34, 100.00
SGBJAN27,GB,10-Aug-2026,14924.0,14924.0,14924.0,14924.0,14924.0,14924.0,14924.0,1,0.15,1, 1, 100.00
SGBJAN29IX,GB,10-Aug-2026,14704.28,14851.0,14900.0,14801.0,14880.0,14880.0,14855.76,223,33.13,43, 147, 65.92
SGBJAN29X,GB,10-Aug-2026,14799.0,14615.0,14867.63,14615.0,14864.5,14836.38,14799.14,244,36.11,42, 212, 86.89
SGBJAN30IX,GB,10-Aug-2026,14803.03,14850.0,15000.0,14850.0,14900.0,14903.61,14933.47,270,40.32,66, 201, 74.44
SGBJU29III,GB,10-Aug-2026,14766.66,14397.49,14890.0,14397.49,14850.0,14850.0,14814.37,119,17.63,31, 93, 78.15
SGBJUL27,GB,10-Aug-2026,14798.99,14900.0,14900.0,14800.0,14800.0,14800.0,14897.56,41,6.11,4, 40, 97.56
SGBJUL28IV,GB,10-Aug-2026,14707.95,14874.0,14879.0,14800.0,14849.5,14833.9,14839.43,408,60.54,49, 348, 85.29
SGBJUL29IV,GB,10-Aug-2026,14735.25,14808.93,14935.0,14735.0,14855.0,14836.89,14857.62,404,60.02,68, 305, 75.50
SGBJUN27,GB,10-Aug-2026,14899.0,14900.0,14900.0,14900.0,14900.0,14900.0,14900.0,5,0.75,1, 5, 100.00
SGBJUN28,GB,10-Aug-2026,14741.25,14841.25,14900.0,14676.5,14900.0,14900.0,14871.84,212,31.53,30, 156, 73.58
SGBJUN29II,GB,10-Aug-2026,14881.32,14850.0,15000.0,14825.03,14950.0,14954.35,14913.67,201,29.98,45, 119, 59.20
SGBJUN30,GB,10-Aug-2026,14755.01,14780.0,14990.0,14725.0,14989.99,14989.99,14905.03,35,5.22,21, 21, 60.00
SGBJUN31I,GB,10-Aug-2026,14878.8,14506.83,15085.0,14506.83,15085.0,15071.67,15012.7,784,117.7,188, 580, 73.98
SGBMAR28X,GB,10-Aug-2026,14849.98,14700.0,15089.97,14601.0,15005.0,15005.0,14968.84,314,47.0,20, 300, 95.54
SGBMAR30X,GB,10-Aug-2026,14755.01,14975.0,14975.0,14911.0,14960.0,14960.0,14954.48,31,4.64,12, 20, 64.52
SGBMAR31IV,GB,10-Aug-2026,14900.0,14780.0,15188.0,14780.0,15100.01,15100.01,15049.89,297,44.7,73, 272, 91.58
SGBMAY28,GB,10-Aug-2026,14777.2,14750.0,14999.99,14750.0,14845.0,14884.37,14785.91,810,119.77,52, 695, 85.80
SGBMAY29I,GB,10-Aug-2026,14734.67,14702.0,14925.0,14702.0,14840.0,14861.48,14864.12,742,110.29,89, 645, 86.93
SGBMR29XII,GB,10-Aug-2026,14840.0,14840.11,15050.0,14840.11,15015.0,15026.05,15013.7,1541,231.36,72, 1410, 91.50
SGBN28VIII,GB,10-Aug-2026,14799.0,14807.0,14930.0,14807.0,14900.0,14900.0,14874.83,156,23.2,31, 108, 69.23
SGBNOV26,GB,10-Aug-2026,14777.0,14877.0,14900.0,14825.01,14899.0,14899.0,14895.04,28,4.17,10, 27, 96.43
SGBNV29VII,GB,10-Aug-2026,14794.29,14794.29,14944.99,14601.0,14880.0,14862.68,14798.27,214,31.67,57, 140, 65.42
SGBOC28VII,GB,10-Aug-2026,14766.77,14775.0,14940.0,14775.0,14880.01,14880.01,14845.34,15,2.23,9, 15, 100.00
SGBOCT26,GB,10-Aug-2026,14725.0,14999.0,14999.0,14830.01,14830.01,14830.01,14897.61,5,0.74,3, 5, 100.00
SGBOCT27,GB,10-Aug-2026,14920.02,14705.01,14899.9,14705.01,14899.9,14899.9,14802.46,20,2.96,3, 10, 50.00
SGBOCT27VI,GB,10-Aug-2026,14799.87,14800.0,14936.0,14800.0,14852.0,14852.03,14850.47,26,3.86,7, 22, 84.62
SGBSEP27,GB,10-Aug-2026,14800.0,14900.0,15050.0,14900.0,15010.0,15010.0,15001.52,44,6.6,12, 40, 90.91
SGBSEP28VI,GB,10-Aug-2026,14850.0,14910.0,15099.0,14910.0,15015.0,15011.5,15026.43,967,145.31,88, 938, 97.00
SGBSEP29VI,GB,10-Aug-2026,14863.33,14863.0,15099.0,14863.0,15010.5,15013.06,15002.13,781,117.17,84, 761, 97.44
SGBSEP31II,GB,10-Aug-2026,14941.96,14716.56,15124.98,14716.56,15061.01,15096.48,15029.32,1444,217.02,288, 918, 63.57
SGFIN,EQ,10-Aug-2026,694.45,696.9,715.0,660.55,670.8,670.7,680.15,356923,2427.61,11823, 195187, 54.69
SGIL,EQ,10-Aug-2026,603.3,615.0,623.0,600.1,615.2,617.9,614.76,13818,84.95,487, 11404, 82.53
SGL,EQ,10-Aug-2026,10.19,10.15,10.15,9.65,9.86,9.87,9.78,7662,0.75,52, 4568, 59.62
SGMART,EQ,10-Aug-2026,716.35,720.0,727.0,707.05,713.0,714.9,717.85,233411,1675.53,12046, 107195, 45.93
SHADOWFAX,EQ,10-Aug-2026,241.24,240.7,248.59,240.05,247.89,247.54,245.4,3820280,9375.08,40750, 1806429, 47.29
SHAH,EQ,10-Aug-2026,3.91,3.95,3.98,3.85,3.92,3.91,3.92,2843818,111.48,2894, 2368719, 83.29
SHAHALLOYS,EQ,10-Aug-2026,70.79,70.79,72.48,69.35,70.25,69.89,70.12,2242,1.57,50, 2095, 93.44
SHAILY,EQ,10-Aug-2026,3162.3,3131.8,3384.8,3131.8,3371.0,3367.4,3281.45,408713,13411.72,48789, 129081, 31.58
SHAKTIPUMP,EQ,10-Aug-2026,516.3,515.0,515.7,510.0,511.25,510.4,511.86,273329,1399.08,10249, 158740, 58.08
SHALBY,EQ,10-Aug-2026,160.09,160.0,164.79,160.0,161.49,161.87,162.35,74789,121.42,1759, 40167, 53.71
SHALPAINTS,BE,10-Aug-2026,84.47,84.22,85.6,81.0,85.0,84.37,84.06,229999,193.33,718, -, -
SHANKARA,EQ,10-Aug-2026,142.28,143.8,143.8,141.21,142.16,142.0,141.76,65824,93.32,468, 42035, 63.86
SHANTHALA,SM,10-Aug-2026,17.55,17.6,17.6,17.25,17.25,17.25,17.33,9600,1.66,7, 8400, 87.50
SHANTI,EQ,10-Aug-2026,6.9,6.58,7.09,6.58,6.71,6.72,6.72,34580,2.32,116, 19695, 56.95
SHANTIGEAR,EQ,10-Aug-2026,401.95,403.0,407.55,398.05,398.35,399.35,400.64,19294,77.3,793, 16516, 85.60
SHANTIGOLD,EQ,10-Aug-2026,224.01,224.01,230.69,220.41,229.9,227.91,226.75,693394,1572.28,9454, 375620, 54.17
SHARDACROP,EQ,10-Aug-2026,814.05,814.55,817.15,803.75,812.85,812.6,809.28,123342,998.19,6915, 66448, 53.87
SHARDAMOTR,EQ,10-Aug-2026,941.3,960.0,960.0,925.0,954.0,955.7,943.33,98862,932.59,11653, 55535, 56.17
SHARDUL,BE,10-Aug-2026,40.99,43.03,43.03,42.14,43.03,43.03,43.03,17541,7.55,78, -, -
SHAREINDIA,EQ,10-Aug-2026,168.44,169.99,172.48,166.8,167.95,167.87,169.16,289009,488.89,3662, 137145, 47.45
SHARIABEES,EQ,10-Aug-2026,475.8,479.11,479.11,475.9,476.0,477.26,477.55,10887,51.99,792, 5854, 53.77
SHBAJRG,EQ,10-Aug-2026,181.35,181.5,181.5,175.0,178.1,177.43,177.05,6588,11.66,111, 3959, 60.09
SHEEL,ST,10-Aug-2026,65.1,65.05,65.1,65.05,65.1,65.1,65.08,10000,6.51,5, 10000, 100.00
SHEETAL,SM,10-Aug-2026,335.35,332.0,337.5,332.0,337.5,337.25,334.63,2000,6.69,4, 1000, 50.00
SHEKHAWATI,EQ,10-Aug-2026,13.7,14.39,14.58,13.16,13.86,13.77,13.52,12531,1.69,130, 8599, 68.62
SHEMAROO,BE,10-Aug-2026,115.09,115.1,120.84,115.1,120.84,120.84,119.75,10797,12.93,91, -, -
SHERA,ST,10-Aug-2026,166.4,167.0,167.5,165.8,165.8,165.8,166.88,11000,18.36,11, 11000, 100.00
SHETHJI,ST,10-Aug-2026,163.1,165.0,171.25,165.0,171.25,167.45,169.23,36000,60.92,29, 34000, 94.44
SHILCTECH,EQ,10-Aug-2026,4620.1,4645.0,4750.0,4583.9,4670.0,4684.1,4702.97,31458,1479.46,7843, 15307, 48.66
SHILPAMED,EQ,10-Aug-2026,759.75,770.3,819.0,770.3,808.0,807.55,795.19,6377695,50714.62,119312, 1717432, 26.93
SHINDL,EQ,10-Aug-2026,162.61,159.0,179.99,159.0,162.5,163.3,166.28,252673,420.13,2999, 45087, 17.84
SHIVALIK,BE,10-Aug-2026,254.5,260.8,260.9,252.8,259.05,255.06,257.31,15852,40.79,231, -, -
SHIVAMAUTO,BE,10-Aug-2026,17.66,17.65,17.65,17.5,17.59,17.59,17.59,41946,7.38,31, -, -
SHIVAMILLS,BE,10-Aug-2026,65.49,67.8,68.0,64.06,66.96,64.45,66.79,4118,2.75,44, -, -
SHIVASHRIT,SM,10-Aug-2026,128.8,128.95,129.0,123.2,129.0,127.9,126.44,17000,21.5,16, 10000, 58.82
SHIVATEX,EQ,10-Aug-2026,162.62,160.36,164.77,160.36,161.13,161.13,161.09,1062,1.71,50, 814, 76.65
SHIVAUM,EQ,10-Aug-2026,421.0,435.5,444.8,428.0,428.0,428.2,431.19,1202,5.18,54, 581, 48.34
SHK,EQ,10-Aug-2026,168.54,167.0,171.9,166.02,170.02,170.89,170.15,432519,735.92,6561, 225232, 52.07
SHKSIL,SM,10-Aug-2026,42.0,38.3,40.0,38.25,40.0,40.0,39.08,14000,5.47,7, 8000, 57.14
SHOPERSTOP,EQ,10-Aug-2026,420.05,423.5,427.8,412.6,426.0,425.9,424.7,46148,195.99,3037, 29132, 63.13
SHRADHA,EQ,10-Aug-2026,34.22,33.2,34.27,32.91,33.9,33.74,33.95,13052,4.43,133, 10385, 79.57
SHREDIGCEM,EQ,10-Aug-2026,72.54,71.7,72.53,69.68,71.55,71.56,71.46,90077,64.37,1406, 47693, 52.95
SHREECEM,EQ,10-Aug-2026,26010.0,26180.0,26355.0,25905.0,26100.0,26100.0,26172.92,14607,3823.08,6443, 6643, 45.48
SHREEDHAR,ST,10-Aug-2026,104.5,104.5,107.5,104.0,104.0,104.0,105.33,6000,6.32,3, 6000, 100.00
SHREEJISPG,EQ,10-Aug-2026,672.8,674.8,681.55,661.15,661.25,662.65,668.15,501788,3352.71,6734, 144310, 28.76
SHREEKARNI,SM,10-Aug-2026,388.15,388.15,413.0,388.15,402.0,402.65,399.91,6600,26.39,29, 3900, 59.09
SHREEOSFM,SM,10-Aug-2026,60.0,60.0,60.0,56.5,57.5,57.5,57.75,7000,4.04,6, 6000, 85.71
SHREEPUSHK,EQ,10-Aug-2026,407.1,405.2,418.4,405.2,413.65,411.4,413.05,18569,76.7,1174, 10096, 54.37
SHREERAMA,EQ,10-Aug-2026,38.38,38.65,38.97,37.82,38.0,37.91,38.08,26737,10.18,388, 18934, 70.82
SHREMINVIT,IV,10-Aug-2026,104.9,100.0,100.0,100.0,100.0,100.0,100.0,25000,25.0,1, 25000, 100.00
SHRENIK,BZ,10-Aug-2026,0.33,0.32,0.33,0.32,0.33,0.32,0.32,802864,2.58,225, -, -
SHREYANIND,EQ,10-Aug-2026,142.33,140.62,145.0,140.61,143.5,142.8,143.04,3135,4.48,88, 2390, 76.24
SHRIAHIMSA,ST,10-Aug-2026,385.25,380.0,387.1,368.0,382.0,380.25,380.44,24600,93.59,28, 22200, 90.24
SHRIKANHA,SM,10-Aug-2026,22.65,23.25,23.25,21.55,22.5,22.5,22.06,14400,3.18,9, 9600, 66.67
SHRIKRISH,EQ,10-Aug-2026,42.96,43.17,43.17,40.06,42.71,40.63,40.89,107,0.04,16, 74, 69.16
SHRINGARMS,EQ,10-Aug-2026,233.34,234.78,237.0,232.01,233.5,233.79,234.58,490377,1150.33,2995, 120762, 24.63
SHRIPISTON,EQ,10-Aug-2026,4392.8,4392.8,4474.8,4351.0,4434.0,4410.6,4433.63,55392,2455.88,8159, 29351, 52.99
SHRIRAMFIN,EQ,10-Aug-2026,1115.0,1115.0,1139.2,1106.1,1137.8,1137.8,1126.65,3535895,39837.21,76492, 1955502, 55.30
SHRIRAMPPS,EQ,10-Aug-2026,84.47,84.47,88.01,83.76,86.95,86.95,86.33,653303,564.01,4550, 298891, 45.75
SHUBHLAXMI,SM,10-Aug-2026,18.95,18.05,19.0,18.05,19.0,19.0,18.44,5000,0.92,4, 3000, 60.00
SHUBHSHREE,SM,10-Aug-2026,345.0,341.55,345.0,341.25,342.0,342.5,343.48,2400,8.24,6, 2400, 100.00
SHYAMCENT,BE,10-Aug-2026,5.03,5.03,5.23,4.93,5.17,5.07,5.05,39442,1.99,130, -, -
SHYAMDHANI,ST,10-Aug-2026,63.5,62.5,63.35,62.5,63.35,63.35,62.93,4000,2.52,2, 4000, 100.00
SHYAMMETL,EQ,10-Aug-2026,1006.9,998.9,1011.5,993.1,1004.3,1003.1,1001.08,473932,4744.44,11782, 97457, 20.56
SHYAMTEL,BE,10-Aug-2026,15.54,15.54,15.54,14.77,14.77,14.77,14.91,5563,0.83,33, -, -
SICAGEN,EQ,10-Aug-2026,74.06,71.0,71.73,66.66,66.66,66.66,67.7,626165,423.92,4105, 227002, 36.25
SICALLOG,BE,10-Aug-2026,102.56,99.03,103.5,99.03,102.15,102.07,101.54,23326,23.69,129, -, -
SIDDHICOTS,SM,10-Aug-2026,28.55,29.0,29.0,28.05,28.05,28.05,28.53,2400,0.68,2, 2400, 100.00
SIEMENS,EQ,10-Aug-2026,3940.1,3940.2,3992.6,3905.0,3914.3,3914.3,3949.87,261301,10321.05,22870, 106734, 40.85
SIGACHI,BE,10-Aug-2026,25.17,25.92,26.03,24.76,25.7,25.41,25.43,1262562,321.03,1298, -, -
SIGIND,EQ,10-Aug-2026,67.79,68.12,73.0,68.0,71.38,70.61,70.63,183028,129.26,1431, 118680, 64.84
SIGMA,EQ,10-Aug-2026,46.37,48.0,50.0,47.0,47.45,47.25,48.68,279188,135.9,2875, 131730, 47.18
SIGMAADV,BE,10-Aug-2026,700.95,702.15,711.0,700.95,703.5,703.95,705.09,145262,1024.23,2197, -, -
SIGNATURE,EQ,10-Aug-2026,802.3,810.0,835.9,802.3,827.0,824.65,826.33,350490,2896.19,11780, 33387, 9.53
SIGNPOST,EQ,10-Aug-2026,267.55,266.05,273.5,266.0,266.7,267.7,268.76,156468,420.52,3275, 63528, 40.60
SIKA,EQ,10-Aug-2026,1100.2,1100.2,1110.9,1063.0,1070.0,1068.4,1082.34,18584,201.14,2472, 9388, 50.52
SIKKO,EQ,10-Aug-2026,6.03,6.2,6.25,6.1,6.11,6.11,6.15,1575693,96.97,1424, 1303964, 82.75
SIL,EQ,10-Aug-2026,17.09,17.09,20.42,16.81,19.0,19.0,19.32,695301,134.34,1896, 378704, 54.47
SILGO,EQ,10-Aug-2026,70.17,70.78,71.9,67.1,71.9,69.21,69.3,249063,172.61,1630, 71330, 28.64
SILINV,EQ,10-Aug-2026,440.7,440.0,440.0,422.2,424.1,429.2,432.85,1991,8.62,110, 1743, 87.54
SILKFLEX,SM,10-Aug-2026,201.65,211.65,211.7,205.0,206.0,210.65,210.0,32000,67.2,30, 24000, 75.00
SILKY,SM,10-Aug-2026,74.35,74.4,79.85,72.4,78.95,78.95,75.17,6400,4.81,8, 4000, 62.50
SILLYMONKS,EQ,10-Aug-2026,16.35,16.97,16.97,16.07,16.49,16.13,16.38,2228,0.37,65, 2161, 96.99
SILVER,EQ,10-Aug-2026,230.03,227.4,231.73,227.4,230.03,230.23,230.24,1335733,3075.44,11453, 555554, 41.59
SILVER1,EQ,10-Aug-2026,22.38,22.93,22.93,22.0,22.4,22.4,22.35,14876887,3325.04,6635, 12092363, 81.28
SILVER360,EQ,10-Aug-2026,229.16,231.45,231.45,225.01,226.58,226.3,226.72,36248,82.18,900, 16633, 45.89
SILVERADD,EQ,10-Aug-2026,221.87,221.87,223.37,220.73,222.44,222.19,222.15,281031,624.31,2931, 129080, 45.93
SILVERAG,EQ,10-Aug-2026,224.32,224.32,226.84,222.08,224.26,224.28,224.08,162168,363.38,2131, 32264, 19.90
SILVERAXIS,EQ,10-Aug-2026,229.17,233.2,233.2,226.01,229.23,229.13,229.31,503950,1155.6,2888, 260399, 51.67
SILVERBEES,EQ,10-Aug-2026,220.47,220.67,221.5,218.8,220.54,220.46,220.44,23165311,51065.57,83233, 7656019, 33.05
SILVERBETA,EQ,10-Aug-2026,222.6,228.16,228.16,220.83,222.65,222.77,222.38,690736,1536.08,4434, 451202, 65.32
SILVERBND,EQ,10-Aug-2026,231.19,231.19,231.81,228.24,230.5,231.18,230.96,11435,26.41,161, 7384, 64.57
SILVERCASE,EQ,10-Aug-2026,23.36,23.94,23.94,22.65,23.37,23.39,23.35,7535343,1759.82,9294, 2935435, 38.96
SILVERIETF,EQ,10-Aug-2026,229.95,229.95,231.28,228.31,230.1,230.2,230.27,3618139,8331.41,24020, 1914432, 52.91
SILVERTUC,EQ,10-Aug-2026,195.88,195.88,206.5,195.08,203.95,203.18,200.92,574745,1154.77,8506, 274047, 47.68
SIMBHALS,BZ,10-Aug-2026,7.07,6.93,7.2,6.77,7.09,7.09,7.05,22500,1.59,70, -, -
SIMCA,SM,10-Aug-2026,245.75,248.95,249.0,236.0,242.7,244.95,243.61,58200,141.78,80, 25800, 44.33
SIMPLEXINF,EQ,10-Aug-2026,238.87,237.9,263.0,237.89,261.96,260.55,257.42,654827,1685.63,11645, 233662, 35.68
SINCLAIR,EQ,10-Aug-2026,77.03,78.8,78.8,76.41,76.9,76.98,76.99,10850,8.35,245, 6095, 56.18
SINDHUTRAD,EQ,10-Aug-2026,24.56,24.56,25.0,24.39,24.7,24.47,24.56,196693,48.31,691, 121915, 61.98
SINGERIND,EQ,10-Aug-2026,67.93,68.8,69.8,67.0,69.5,69.25,68.28,51171,34.94,668, 37531, 73.34
SINTERCOM,EQ,10-Aug-2026,83.74,83.0,87.0,82.01,87.0,86.99,85.08,4899,4.17,94, 3514, 71.73
SIRCA,EQ,10-Aug-2026,449.9,450.5,458.0,450.3,451.3,453.2,454.52,395563,1797.92,4474, 135646, 34.29
SIS,EQ,10-Aug-2026,434.95,434.95,434.95,423.4,428.0,427.35,426.79,106058,452.64,5670, 70247, 66.23
SITINET,BZ,10-Aug-2026,0.3,0.31,0.31,0.29,0.3,0.29,0.3,1203491,3.56,349, -, -
SIYSIL,EQ,10-Aug-2026,625.35,633.55,633.55,606.0,624.0,620.0,621.17,44216,274.66,2401, 27728, 62.71
SJLOGISTIC,SM,10-Aug-2026,316.7,316.7,316.7,306.6,306.6,306.7,310.01,35000,108.5,102, 28000, 80.00
SJS,EQ,10-Aug-2026,2446.1,2446.1,2532.0,2355.2,2377.0,2372.0,2429.6,227202,5520.09,27467, 112535, 49.53
SJVN,EQ,10-Aug-2026,67.96,68.0,68.1,67.51,68.05,67.9,67.8,1245987,844.74,11402, 706049, 56.67
SKFINDIA,EQ,10-Aug-2026,1534.3,1534.3,1559.0,1529.1,1540.0,1537.3,1540.44,55373,852.99,5450, 30520, 55.12
SKFINDUS,EQ,10-Aug-2026,2737.9,2775.0,2797.8,2725.0,2740.0,2740.7,2758.43,18857,520.16,5487, 8341, 44.23
SKIL,BZ,10-Aug-2026,0.94,0.92,0.92,0.9,0.9,0.9,0.9,17492,0.16,41, -, -
SKIPPER,EQ,10-Aug-2026,517.85,518.05,531.95,506.35,529.0,529.0,523.02,859652,4496.17,22483, 417370, 48.55
SKMEGGPROD,EQ,10-Aug-2026,235.0,235.0,253.8,231.47,251.35,249.77,244.04,668513,1631.44,10124, 329464, 49.28
SKYGOLD,EQ,10-Aug-2026,719.4,775.0,815.95,755.8,780.0,779.6,785.05,8041621,63130.86,176696, 2481727, 30.86
SLONE,ST,10-Aug-2026,145.0,140.1,141.0,137.75,141.0,141.0,139.54,3200,4.47,8, 2800, 87.50
SMALL250,EQ,10-Aug-2026,18.4,18.72,18.72,18.35,18.42,18.38,18.42,321079,59.15,951, 224432, 69.90
SMALLADD,EQ,10-Aug-2026,18.42,18.42,18.55,17.4,18.55,18.5,18.39,165806,30.49,192, 111320, 67.14
SMALLCAP,EQ,10-Aug-2026,47.94,47.94,48.5,47.94,48.34,48.27,48.25,1652816,797.41,3636, 1212848, 73.38
SMALLGROWW,EQ,10-Aug-2026,49.04,48.99,48.99,48.11,48.56,48.55,48.47,6848,3.32,153, 5973, 87.22
SMALLIETF,EQ,10-Aug-2026,18.36,18.58,18.74,18.36,18.43,18.41,18.43,52766,9.72,125, 30075, 57.00
SMARTEN,ST,10-Aug-2026,52.0,50.05,51.0,49.45,51.0,50.75,50.19,18000,9.03,15, 16800, 93.33
SMARTLINK,BE,10-Aug-2026,215.19,209.05,219.21,209.05,218.0,218.0,212.87,2488,5.3,60, -, -
SMARTWORKS,EQ,10-Aug-2026,486.8,487.1,502.7,478.0,479.0,481.9,489.5,97884,479.14,3376, 49627, 50.70
SMCGLOBAL,EQ,10-Aug-2026,79.54,79.0,80.25,78.43,79.2,79.39,79.32,607405,481.79,1836, 430057, 70.80
SML100CASE,EQ,10-Aug-2026,11.25,11.25,11.34,11.17,11.27,11.26,11.29,2951292,333.32,1906, 1859109, 62.99
SMLMAH,EQ,10-Aug-2026,5554.0,5598.0,5598.0,5152.5,5195.0,5227.0,5350.31,148630,7952.17,22287, 64794, 43.59
SMLT,EQ,10-Aug-2026,69.4,69.74,71.45,67.35,71.0,70.5,68.85,3803,2.62,207, 2029, 53.35
SMSPHARMA,EQ,10-Aug-2026,378.1,379.0,381.85,370.2,376.0,371.9,375.75,109735,412.32,3579, 49992, 45.56
SNEHAA,SM,10-Aug-2026,46.95,48.95,50.0,47.1,47.1,47.1,49.09,10000,4.91,9, 8000, 80.00
SNOWMAN,EQ,10-Aug-2026,39.15,39.75,40.0,39.02,39.12,39.2,39.65,157570,62.47,1338, 99785, 63.33
SNXT30BEES,EQ,10-Aug-2026,43.99,43.99,44.14,43.7,43.7,43.85,44.02,3805,1.68,97, 2565, 67.41
SNXT50BETA,EQ,10-Aug-2026,95.55,95.8,96.77,77.11,95.78,95.89,95.81,2513,2.41,162, 1398, 55.63
SOBHA,EQ,10-Aug-2026,1339.0,1340.0,1378.0,1327.1,1362.7,1355.7,1353.0,76692,1037.65,8294, 30386, 39.62
SOCL,SM,10-Aug-2026,27.5,28.0,28.0,26.25,26.25,26.75,27.06,8000,2.16,5, 8000, 100.00
SOFTTECH,BE,10-Aug-2026,420.0,426.0,429.9,423.0,423.0,423.0,424.84,4701,19.97,19, -, -
SOLARA,EQ,10-Aug-2026,502.6,502.6,527.55,500.8,521.95,514.2,518.52,213877,1108.99,9301, 119474, 55.86
SOLARINDS,EQ,10-Aug-2026,18650.0,18695.0,18820.0,18469.0,18820.0,18820.0,18670.69,42637,7960.62,13398, 15829, 37.13
SOLARWORLD,EQ,10-Aug-2026,168.43,168.02,169.4,165.81,166.83,166.55,167.35,182440,305.31,3112, 94188, 51.63
SOLEX,EQ,10-Aug-2026,911.7,901.0,916.95,895.5,900.0,903.4,903.07,23265,210.1,1887, 15065, 64.75
SOMANYCERA,EQ,10-Aug-2026,495.8,495.8,511.0,490.5,500.0,499.6,502.85,61387,308.69,6127, 34745, 56.60
SOMATEX,EQ,10-Aug-2026,94.86,94.39,97.1,93.48,94.63,94.23,94.55,12764,12.07,495, 5147, 40.32
SOMICONVEY,EQ,10-Aug-2026,91.84,94.0,97.0,90.9,97.0,93.92,92.27,19539,18.03,509, 9670, 49.49
SONACOMS,EQ,10-Aug-2026,818.05,822.1,836.9,807.6,812.5,812.5,820.74,2407579,19759.99,62613, 737517, 30.63
SONAL,EQ,10-Aug-2026,87.6,88.0,91.4,85.05,91.4,91.4,87.69,30,0.03,8, 28, 93.33
SONAMAC,SM,10-Aug-2026,34.55,35.0,35.0,33.5,33.5,33.5,34.42,6000,2.07,5, 6000, 100.00
SONAMLTD,EQ,10-Aug-2026,54.42,54.47,55.36,53.41,54.7,54.29,54.76,32521,17.81,393, 26588, 81.76
SONATSOFTW,EQ,10-Aug-2026,318.05,317.75,325.0,314.65,318.8,320.1,320.47,1145511,3671.05,25074, 340009, 29.68
SOTL,EQ,10-Aug-2026,756.45,749.9,750.1,686.0,687.0,691.0,698.42,1082635,7561.33,34084, 435226, 40.20
SOUTHBANK,EQ,10-Aug-2026,47.17,47.17,47.23,45.83,45.95,46.0,46.3,10928785,5059.74,31655, 6045160, 55.31
SOUTHWEST,EQ,10-Aug-2026,232.06,230.1,237.0,227.81,231.54,231.8,232.12,77775,180.53,2641, 42251, 54.32
SPAL,EQ,10-Aug-2026,1036.6,1036.6,1074.15,1020.0,1069.0,1067.95,1055.77,100108,1056.91,8689, 42378, 42.33
SPANDANA,EQ,10-Aug-2026,257.75,257.3,260.45,250.05,254.2,252.7,254.73,275127,700.83,7097, 147490, 53.61
SPARC,EQ,10-Aug-2026,213.21,213.25,218.97,206.0,207.33,207.38,211.98,2002268,4244.42,30417, 644717, 32.20
SPCENET,EQ,10-Aug-2026,3.86,3.98,4.12,3.79,3.9,3.87,3.89,1098184,42.75,1180, 716702, 65.26
SPCL,SM,10-Aug-2026,66.0,66.0,66.0,65.2,65.95,65.95,65.63,19800,12.99,26, 15000, 75.76
SPCON,SM,10-Aug-2026,152.6,168.25,168.25,152.6,152.6,152.6,160.43,2400,3.85,2, 2400, 100.00
SPEB,ST,10-Aug-2026,82.5,86.6,86.6,86.6,86.6,86.6,86.6,8000,6.93,4, 8000, 100.00
SPECIALITY,EQ,10-Aug-2026,145.17,146.03,151.89,144.0,151.0,150.15,149.49,218468,326.58,2646, 147166, 67.36
SPECTRUM,EQ,10-Aug-2026,2440.7,2440.8,2565.0,2440.8,2554.0,2530.2,2516.71,17112,430.66,2722, 9012, 52.66
SPECTSTM,SM,10-Aug-2026,65.65,65.75,68.3,65.75,68.3,68.3,67.65,9600,6.49,9, 9600, 100.00
SPENCERS,EQ,10-Aug-2026,32.44,32.44,32.79,31.8,32.18,32.02,32.16,52669,16.94,962, 32027, 60.81
SPIC,EQ,10-Aug-2026,67.8,67.67,68.29,67.18,67.85,67.78,67.61,428989,290.02,1847, 327956, 76.45
SPLIL,EQ,10-Aug-2026,32.69,32.69,32.97,31.81,32.21,32.61,32.4,5326,1.73,65, 4473, 83.98
SPLPETRO,EQ,10-Aug-2026,701.45,691.65,701.45,690.0,693.1,693.75,694.05,48869,339.18,3595, 27592, 56.46
SPMLINFRA,EQ,10-Aug-2026,189.94,190.01,193.26,186.1,186.3,188.11,189.62,178080,337.68,2648, 119648, 67.19
SPORTKING,EQ,10-Aug-2026,214.34,216.0,220.27,208.31,209.0,209.94,213.3,583001,1243.54,8618, 302297, 51.85
SPPPOLY,SM,10-Aug-2026,12.25,12.15,12.15,12.15,12.15,12.15,12.15,2000,0.24,1, 2000, 100.00
SPRL,SM,10-Aug-2026,101.95,101.95,101.95,101.95,101.95,101.95,101.95,800,0.82,1, 800, 100.00
SPUNWEB,SM,10-Aug-2026,102.0,102.0,102.0,102.0,102.0,102.0,102.0,1200,1.22,1, 1200, 100.00
SRD,EQ,10-Aug-2026,36.64,36.0,37.9,36.0,37.0,37.06,36.65,18463,6.77,152, 10570, 57.25
SREEL,EQ,10-Aug-2026,216.53,213.6,222.99,213.6,221.75,221.22,220.26,11071,24.38,377, 8836, 79.81
SRF,EQ,10-Aug-2026,2615.0,2625.0,2628.1,2593.3,2610.0,2610.0,2606.79,563401,14686.68,26169, 341035, 60.53
SRGHFL,EQ,10-Aug-2026,287.1,285.7,292.35,284.45,287.6,287.05,286.61,317,0.91,18, 260, 82.02
SRHHYPOLTD,EQ,10-Aug-2026,517.45,505.0,521.9,493.1,493.1,498.35,508.35,9085,46.18,767, 6150, 67.69
SRIVASAVI,ST,10-Aug-2026,90.0,90.0,92.4,86.0,86.0,86.0,90.69,8000,7.26,5, 8000, 100.00
SRM,EQ,10-Aug-2026,520.7,530.0,531.0,511.0,513.0,513.9,518.67,60695,314.81,2174, 35355, 58.25
SRPL,BZ,10-Aug-2026,0.33,0.34,0.34,0.32,0.34,0.34,0.33,239095,0.8,169, -, -
SRTL,EQ,10-Aug-2026,39.79,40.9,41.07,39.54,40.45,40.29,40.5,60224,24.39,893, 38199, 63.43
SSDL,EQ,10-Aug-2026,53.83,53.83,54.88,53.6,54.0,53.87,53.89,11244,6.06,226, 8317, 73.97
SSEGL,SM,10-Aug-2026,328.8,325.5,329.0,314.1,315.05,315.15,320.56,42600,136.56,173, 32400, 76.06
SSFL,ST,10-Aug-2026,236.0,227.6,235.0,226.25,231.7,230.95,231.84,15500,35.93,31, 12000, 77.42
SSFLPP,E1,10-Aug-2026,132.0,132.0,132.15,130.1,130.8,130.9,131.75,9304,12.26,144, 9040, 97.16
SSWL,EQ,10-Aug-2026,308.5,309.85,323.7,309.85,322.5,321.6,318.68,1051453,3350.78,18242, 463350, 44.07
STALLION,EQ,10-Aug-2026,256.5,255.55,257.95,244.05,253.7,254.0,253.18,1654803,4189.61,22617, 561136, 33.91
STANLEY,EQ,10-Aug-2026,149.91,149.8,149.8,142.08,143.0,143.19,145.71,174082,253.66,5444, 95797, 55.03
STAR,EQ,10-Aug-2026,1003.8,1004.1,1018.0,990.0,997.0,999.0,1002.41,150996,1513.59,9443, 76254, 50.50
STARCEMENT,EQ,10-Aug-2026,201.96,203.1,203.1,197.96,199.49,198.94,199.45,172722,344.49,3481, 96085, 55.63
STARHEALTH,EQ,10-Aug-2026,569.85,569.85,577.75,553.35,574.5,574.95,563.45,1195073,6733.65,56170, 594992, 49.79
STARPAPER,EQ,10-Aug-2026,152.53,152.5,154.0,150.6,153.0,152.83,152.64,9222,14.08,166, 7284, 78.99
STARTECK,EQ,10-Aug-2026,256.95,253.1,263.0,253.1,256.0,256.05,256.51,7314,18.76,91, 167, 2.28
STCINDIA,EQ,10-Aug-2026,118.64,119.88,121.38,118.3,118.35,118.63,119.75,36960,44.26,774, 17456, 47.23
STEELCAS,EQ,10-Aug-2026,331.6,338.05,340.5,330.75,335.0,332.55,335.68,61420,206.18,2428, 36846, 59.99
STEELCITY,EQ,10-Aug-2026,84.29,83.0,84.88,82.16,82.8,82.92,83.35,8286,6.91,227, 4073, 49.16
STEELXIND,EQ,10-Aug-2026,11.21,11.2,11.3,10.51,10.61,10.65,10.85,3044184,330.41,4484, 1989015, 65.34
STEL,EQ,10-Aug-2026,552.95,546.05,556.2,531.1,535.0,535.55,543.53,2532,13.76,278, 1719, 67.89
STERTOOLS,BE,10-Aug-2026,244.15,242.1,244.15,231.95,233.0,232.15,235.03,57566,135.3,735, -, -
STLNETWORK,BE,10-Aug-2026,24.89,24.89,25.6,24.7,25.24,25.08,25.17,518673,130.56,879, -, -
STLTECH,BE,10-Aug-2026,638.9,634.0,644.0,615.55,632.3,637.75,630.25,1312264,8270.54,28237, -, -
STOVEKRAFT,EQ,10-Aug-2026,797.55,793.5,837.0,793.5,810.0,808.85,818.89,534797,4379.4,23586, 259894, 48.60
STRIDERS,SM,10-Aug-2026,64.1,64.1,64.5,62.95,62.95,63.7,63.85,4800,3.06,3, 3200, 66.67
STUDDS,EQ,10-Aug-2026,438.75,428.0,441.4,422.7,433.0,432.25,432.98,161949,701.21,11668, 96152, 59.37
STUDIOLSD,SM,10-Aug-2026,8.8,8.8,8.8,8.55,8.8,8.8,8.73,12000,1.05,6, 12000, 100.00
STYL,EQ,10-Aug-2026,407.75,411.85,424.75,410.0,410.5,413.2,417.33,333795,1393.02,12548, 143861, 43.10
STYLAMIND,EQ,10-Aug-2026,3536.5,3569.9,3696.5,3508.3,3640.0,3651.2,3632.8,50553,1836.49,10556, 25316, 50.08
STYLEBAAZA,BE,10-Aug-2026,320.65,336.65,336.65,327.0,336.65,336.65,335.74,659397,2213.83,1766, -, -
STYRENIX,EQ,10-Aug-2026,2257.2,2250.0,2294.9,2230.0,2260.0,2264.8,2268.14,40066,908.75,3943, 21797, 54.40
SUBAHOTELS,SM,10-Aug-2026,111.0,105.0,113.5,105.0,113.45,113.45,110.17,32400,35.69,24, 25200, 77.78
SUBEXLTD,BE,10-Aug-2026,13.74,13.73,14.4,13.32,14.14,13.89,14.0,1379623,193.21,2767, -, -
SUBROS,EQ,10-Aug-2026,828.7,805.05,811.9,776.0,778.95,778.15,786.28,153719,1208.66,9165, 81387, 52.95
SUDARCOLOR,EQ,10-Aug-2026,421.05,418.0,429.9,408.0,409.0,410.7,413.12,17735,73.27,1385, 9889, 55.76
SUDARSCHEM,EQ,10-Aug-2026,1139.6,1144.0,1164.9,1115.2,1124.0,1124.3,1138.53,219137,2494.93,14744, 103914, 47.42
SUDEEPPHRM,EQ,10-Aug-2026,957.55,999.95,1053.3,978.45,1053.3,1053.3,1033.81,875265,9048.61,27888, 338771, 38.70
SUKHJITS,EQ,10-Aug-2026,162.04,161.0,165.0,161.0,164.45,162.92,163.01,9679,15.78,378, 6091, 62.93
SULA,EQ,10-Aug-2026,158.55,158.3,158.78,153.43,154.0,153.78,154.87,496812,769.41,8179, 254236, 51.17
SUMEETINDS,EQ,10-Aug-2026,17.28,16.42,16.42,16.42,16.42,16.42,16.42,115911,19.03,342, 115911, 100.00
SUMICHEM,EQ,10-Aug-2026,532.95,532.0,568.0,530.0,564.0,561.25,555.55,2053971,11410.78,48646, 538467, 26.22
SUMIT,EQ,10-Aug-2026,56.77,57.4,57.4,51.17,52.95,52.18,53.21,68933,36.68,744, 42392, 61.50
SUMMITSEC,EQ,10-Aug-2026,1498.7,1498.7,1514.0,1452.7,1488.0,1466.8,1479.72,4498,66.56,1245, 2709, 60.23
SUNCLAY,EQ,10-Aug-2026,1241.6,1242.1,1262.9,1230.0,1232.6,1234.5,1241.67,4183,51.94,740, 2632, 62.92
SUNDARAM,EQ,10-Aug-2026,1.23,1.24,1.27,1.22,1.26,1.25,1.25,446732,5.57,557, 410981, 92.00
SUNDARMFIN,EQ,10-Aug-2026,4604.2,4600.1,4631.9,4540.0,4584.9,4568.5,4586.44,17851,818.73,7316, 10723, 60.07
SUNDRMBRAK,BE,10-Aug-2026,787.0,787.0,814.0,765.0,808.0,797.5,787.49,5300,41.74,148, -, -
SUNDRMFAST,EQ,10-Aug-2026,1090.55,1092.0,1129.4,1090.6,1123.5,1121.3,1118.09,208138,2327.17,16153, 124529, 59.83
SUNDROP,EQ,10-Aug-2026,681.8,688.5,690.0,655.55,669.0,662.4,664.99,39493,262.63,1270, 24802, 62.80
SUNFLAG,EQ,10-Aug-2026,389.4,390.0,391.1,379.5,382.9,380.85,383.61,199815,766.51,5234, 110510, 55.31
SUNLITE,SM,10-Aug-2026,438.9,438.0,464.95,430.0,456.1,457.2,448.27,20400,91.45,58, 13500, 66.18
SUNPHARMA,EQ,10-Aug-2026,1945.0,1949.9,1965.0,1939.8,1944.4,1944.4,1949.3,1726946,33663.39,94522, 1171116, 67.81
SUNREST,SM,10-Aug-2026,40.5,39.0,39.0,37.1,37.1,37.1,38.05,3200,1.22,2, 1600, 50.00
SUNTECH,ST,10-Aug-2026,34.8,34.0,34.0,33.75,34.0,34.0,33.94,6400,2.17,4, 6400, 100.00
SUNTECK,EQ,10-Aug-2026,299.15,300.0,302.5,297.15,297.7,298.55,298.79,98591,294.58,3098, 53672, 54.44
SUNTV,EQ,10-Aug-2026,486.65,489.0,490.0,483.4,486.0,487.8,486.46,136665,664.81,6854, 73564, 53.83
SUPERHOUSE,EQ,10-Aug-2026,159.5,159.5,163.4,158.09,163.4,161.54,161.45,4240,6.85,119, 2809, 66.25
SUPERSPIN,BE,10-Aug-2026,6.36,6.24,6.24,6.24,6.24,6.24,6.24,731,0.05,4, -, -
SUPRAJIT,EQ,10-Aug-2026,521.8,519.7,559.25,516.85,528.8,529.25,541.49,613959,3324.52,29118, 218151, 35.53
SUPREME,EQ,10-Aug-2026,45.5,45.4,45.4,42.43,43.75,43.53,43.93,63745,28.0,510, 48689, 76.38
SUPREMEENG,BZ,10-Aug-2026,2.29,2.33,2.33,2.33,2.33,2.33,2.33,98793,2.3,59, -, -
SUPREMEIND,EQ,10-Aug-2026,3442.0,3422.9,3495.0,3403.1,3495.0,3495.0,3448.5,97715,3369.7,14911, 44754, 45.80
SUPREMEINF,EQ,10-Aug-2026,91.36,93.28,93.99,87.0,89.95,88.39,90.32,80353,72.57,1200, 40782, 50.75
SUPREMEPWR,SM,10-Aug-2026,205.1,204.95,207.0,200.0,201.25,201.45,203.33,55500,112.85,95, 42500, 76.58
SUPRIYA,EQ,10-Aug-2026,923.45,932.7,940.0,909.9,928.2,922.85,923.96,240832,2225.19,15620, 127109, 52.78
SURAJEST,EQ,10-Aug-2026,201.61,204.61,211.0,202.2,208.5,208.47,207.94,141572,294.39,1561, 89316, 63.09
SURAJLTD,EQ,10-Aug-2026,221.9,220.0,224.6,216.46,223.88,223.04,222.34,799,1.78,39, 557, 69.71
SURAKSHA,EQ,10-Aug-2026,249.55,250.0,281.85,250.0,267.0,265.5,269.75,820979,2214.58,14955, 396183, 48.26
SURANASOL,EQ,10-Aug-2026,26.57,26.57,27.38,26.42,26.55,26.51,26.78,55279,14.8,797, 34731, 62.83
SURANAT&P,EQ,10-Aug-2026,17.84,17.84,18.0,16.1,16.75,16.53,16.74,361455,60.5,2377, 226689, 62.72
SURANI,SM,10-Aug-2026,99.2,99.2,99.2,99.2,99.2,99.2,99.2,200,0.2,1, 200, 100.00
SURYALA,EQ,10-Aug-2026,398.9,398.9,409.85,398.1,405.0,408.25,400.6,26756,107.18,21, 26746, 99.96
SURYALAXMI,EQ,10-Aug-2026,60.22,62.69,62.69,60.0,60.3,60.62,61.41,13986,8.59,156, 11566, 82.70
SURYAROSNI,EQ,10-Aug-2026,252.35,253.0,255.47,246.5,247.44,247.72,249.56,566516,1413.81,11842, 318020, 56.14
SURYODAY,EQ,10-Aug-2026,162.02,162.5,163.04,160.0,160.0,161.32,161.67,341973,552.88,4362, 148160, 43.33
SUTLEJTEX,BE,10-Aug-2026,38.54,38.49,38.58,38.15,38.34,38.34,38.32,31149,11.94,99, -, -
SUVEN,EQ,10-Aug-2026,318.4,318.4,341.9,315.0,334.0,332.6,334.45,1102619,3687.66,23568, 383030, 34.74
SUVIDHAA,EQ,10-Aug-2026,2.59,2.55,2.59,2.53,2.54,2.53,2.56,63709,1.63,163, 56182, 88.19
SUYOG,EQ,10-Aug-2026,880.45,870.05,890.0,842.5,845.0,852.0,868.16,22121,192.04,1507, 13288, 60.07
SUZLON,EQ,10-Aug-2026,48.15,48.33,48.45,47.0,47.5,47.5,47.5,59333617,28182.76,105378, 28741359, 48.44
SVLL,BE,10-Aug-2026,758.95,760.0,760.0,744.1,746.0,746.0,756.74,2841,21.5,24, -, -
SVPGLOB,BE,10-Aug-2026,3.9,3.82,4.05,3.79,3.88,3.88,3.94,33591,1.32,42, -, -
SWANCORP,EQ,10-Aug-2026,308.05,309.0,310.5,306.55,307.25,307.5,308.74,635052,1960.67,7138, 163830, 25.80
SWANDEF,BE,10-Aug-2026,2694.9,2695.0,2749.4,2601.1,2610.0,2622.5,2667.23,6871,183.27,1044, -, -
SWARAJ,SM,10-Aug-2026,356.1,357.1,361.95,354.55,359.8,359.8,358.92,290500,1042.67,268, 151500, 52.15
SWARAJENG,EQ,10-Aug-2026,3600.4,3610.0,3640.0,3589.2,3600.1,3602.3,3614.36,6062,219.1,1323, 3262, 53.81
SWASTIK,ST,10-Aug-2026,19.25,19.0,19.0,18.9,18.9,18.9,18.98,18000,3.42,6, 18000, 100.00
SWELECTES,EQ,10-Aug-2026,670.6,670.6,700.0,669.9,689.0,691.25,689.79,86039,593.49,3521, 47994, 55.78
SWIGGY,EQ,10-Aug-2026,280.75,280.75,284.0,275.0,279.0,279.0,279.95,10682607,29905.46,67150, 3457745, 32.37
SWSOLAR,EQ,10-Aug-2026,204.93,204.9,206.2,203.2,204.15,203.96,204.33,574809,1174.5,6779, 259966, 45.23
SYLVANPLY,SM,10-Aug-2026,49.8,48.2,50.0,48.2,50.0,50.0,49.1,4000,1.96,2, 2000, 50.00
SYMPHONY,EQ,10-Aug-2026,654.05,659.0,659.0,645.0,645.9,645.7,648.83,58188,377.54,4340, 32598, 56.02
SYNCOMF,EQ,10-Aug-2026,13.45,13.46,15.0,13.41,14.49,14.34,14.41,16404983,2364.35,50198, 4492640, 27.39
SYNGENE,EQ,10-Aug-2026,403.7,403.5,404.8,394.75,404.3,402.6,399.95,1885130,7539.59,71016, 1227435, 65.11
SYNOPTICS,ST,10-Aug-2026,71.0,71.0,71.0,71.0,71.0,71.0,71.0,600,0.43,1, 600, 100.00
SYRMA,EQ,10-Aug-2026,1424.7,1434.1,1522.0,1427.5,1518.9,1516.4,1495.12,3863757,57767.85,130939, 1376793, 35.63
SYSTANGO,SM,10-Aug-2026,210.45,213.9,213.9,210.15,212.0,212.3,211.96,10800,22.89,25, 7600, 70.37
SYSTMTXC,BE,10-Aug-2026,60.5,59.95,59.95,57.5,59.4,59.1,58.21,5916,3.44,62, -, -
TAALTECH,EQ,10-Aug-2026,4489.3,4680.0,4680.0,4510.0,4550.0,4534.0,4565.78,9155,418.0,1481, 6672, 72.88
TAC,SM,10-Aug-2026,511.05,514.0,516.0,490.0,498.0,493.9,501.89,41000,205.78,194, 30800, 75.12
TAINWALCHM,EQ,10-Aug-2026,207.5,207.0,207.06,202.42,203.1,203.27,203.95,3919,7.99,136, 2468, 62.98
TAJGVK,EQ,10-Aug-2026,360.45,365.0,365.45,352.7,353.25,353.9,356.84,57923,206.69,2350, 32729, 56.50
TAKE,EQ,10-Aug-2026,22.69,22.79,23.5,22.33,23.0,22.99,23.0,1168180,268.7,1152, 1103643, 94.48
TALBROAUTO,EQ,10-Aug-2026,439.35,442.0,451.6,403.55,419.0,422.05,424.59,1061425,4506.68,34583, 246542, 23.23
TAMBOLIIN,BE,10-Aug-2026,227.45,231.0,234.8,223.0,230.0,230.0,229.83,13717,31.53,61, -, -
TANKUP,ST,10-Aug-2026,1240.0,1245.0,1249.9,1190.0,1190.0,1240.45,1240.45,2750,34.11,3, 2750, 100.00
TANLA,EQ,10-Aug-2026,613.55,615.0,636.6,609.0,631.9,632.1,627.16,1163468,7296.78,29237, 451742, 38.83
TARACHAND,EQ,10-Aug-2026,49.49,50.0,50.9,47.82,50.5,50.12,49.69,364785,181.28,4446, 231459, 63.45
TARAPUR,EQ,10-Aug-2026,13.21,13.79,14.53,12.71,14.5,14.24,13.79,116033,16.0,433, 82070, 70.73
TARC,EQ,10-Aug-2026,130.78,130.51,132.55,130.51,131.81,131.38,131.64,277301,365.03,2739, 131890, 47.56
TARIL,EQ,10-Aug-2026,297.8,297.8,302.3,296.5,299.0,299.1,299.64,766913,2297.97,15006, 393434, 51.30
TARMAT,EQ,10-Aug-2026,52.7,53.5,54.5,52.07,53.99,54.12,53.77,30185,16.23,365, 18818, 62.34
TARSONS,EQ,10-Aug-2026,312.3,311.0,333.7,310.2,313.9,313.5,322.04,241764,778.57,6764, 89315, 36.94
TASTYBITE,EQ,10-Aug-2026,9394.0,9351.0,9700.0,9301.0,9480.0,9524.5,9537.65,8646,824.63,1812, 3901, 45.12
TATACAP,EQ,10-Aug-2026,370.3,372.0,372.65,362.9,368.0,367.85,367.04,1510579,5544.39,30334, 716075, 47.40
TATACHEM,EQ,10-Aug-2026,673.55,673.0,674.45,667.25,669.1,668.9,670.57,334615,2243.84,11305, 158219, 47.28
TATACOMM,EQ,10-Aug-2026,1755.2,1750.0,1783.8,1734.4,1737.8,1739.4,1761.31,193310,3404.79,20233, 112572, 58.23
TATACONSUM,EQ,10-Aug-2026,1082.3,1085.6,1109.8,1082.3,1108.7,1108.7,1099.25,1417750,15584.65,55712, 694185, 48.96
TATAELXSI,EQ,10-Aug-2026,3781.0,3806.9,3857.0,3776.5,3808.0,3808.0,3818.51,237054,9051.92,22730, 76835, 32.41
TATAGOLD,EQ,10-Aug-2026,14.49,14.89,14.89,14.49,14.64,14.63,14.63,71429464,10446.98,115163, 29256385, 40.96
TATAINVEST,EQ,10-Aug-2026,693.65,695.0,695.0,685.85,687.5,687.9,689.42,306115,2110.4,12984, 115271, 37.66
TATAPOWER,EQ,10-Aug-2026,380.55,380.55,382.4,378.5,382.0,382.0,380.01,5099549,19378.7,55267, 2626707, 51.51
TATASTEEL,EQ,10-Aug-2026,187.55,187.56,192.35,187.55,190.24,190.24,190.81,33338101,63612.81,174083, 17580902, 52.74
TATATECH,EQ,10-Aug-2026,872.8,873.0,888.05,852.2,881.0,879.15,872.78,4640066,40497.74,103289, 1159680, 24.99
TATSILV,EQ,10-Aug-2026,22.35,22.9,22.9,21.05,22.39,22.38,22.38,41173140,9213.12,68798, 13355381, 32.44
TATVA,EQ,10-Aug-2026,1718.8,1736.0,1804.0,1721.1,1777.9,1775.6,1775.79,75003,1331.9,8561, 32747, 43.66
TAURIAN,SM,10-Aug-2026,420.3,415.05,418.95,412.0,416.95,416.95,415.65,33600,139.66,40, 27200, 80.95
TBI,SM,10-Aug-2026,63.15,65.95,65.95,61.25,61.75,61.8,62.37,36000,22.45,58, 30000, 83.33
TBOTEK,EQ,10-Aug-2026,1610.9,1615.0,1623.6,1595.1,1610.0,1602.0,1608.18,76249,1226.22,8686, 35627, 46.72
TBZ,EQ,10-Aug-2026,273.0,274.05,284.45,271.15,275.0,276.05,279.43,1294881,3618.31,20953, 404795, 31.26
TCC,EQ,10-Aug-2026,273.75,275.0,279.9,272.5,275.95,273.95,275.54,11342,31.25,643, 5373, 47.37
TCI,EQ,10-Aug-2026,916.35,916.0,950.0,910.6,939.9,937.7,941.88,103359,973.52,7326, 75246, 72.80
TCIEXP,EQ,10-Aug-2026,554.6,550.95,557.7,541.35,546.0,546.2,548.26,37423,205.18,2171, 14744, 39.40
TCIFINANCE,BE,10-Aug-2026,15.16,14.77,15.09,14.77,14.9,14.94,14.93,15160,2.26,89, -, -
TCPLPACK,EQ,10-Aug-2026,3148.9,3148.9,3350.0,3130.1,3306.4,3300.1,3290.99,11416,375.7,2336, 4847, 42.46
TCS,EQ,10-Aug-2026,2452.7,2452.7,2472.9,2423.5,2425.7,2425.7,2449.22,2322023,56871.54,119267, 1136140, 48.93
TDPOWERSYS,EQ,10-Aug-2026,1260.9,1261.0,1285.2,1221.2,1237.0,1236.4,1252.43,1054444,13206.2,64580, 516351, 48.97
TEAMGTY,EQ,10-Aug-2026,222.81,228.0,228.0,217.0,222.0,220.05,219.49,1515,3.33,36, 880, 58.09
TEAMLEASE,EQ,10-Aug-2026,1253.6,1251.1,1260.0,1231.9,1245.0,1253.5,1254.57,23012,288.7,3146, 16641, 72.31
TEAMTECH,ST,10-Aug-2026,115.8,115.8,118.0,114.0,118.0,118.0,115.63,20000,23.13,10, 18000, 90.00
TECH,EQ,10-Aug-2026,34.69,35.55,35.55,34.26,34.35,34.56,34.72,41068,14.26,271, 34258, 83.42
TECHD,ST,10-Aug-2026,593.7,599.0,601.0,580.0,580.0,581.9,584.66,8100,47.36,25, 8100, 100.00
TECHERA,SM,10-Aug-2026,182.75,189.0,190.45,174.45,181.9,179.6,182.96,171200,313.22,178, 96800, 56.54
TECHLABS,SM,10-Aug-2026,121.9,122.0,123.7,118.1,122.95,122.3,120.15,9875,11.87,55, 8250, 83.54
TECHM,EQ,10-Aug-2026,1635.0,1644.0,1665.9,1630.8,1640.0,1640.0,1648.6,2827966,46621.86,125960, 1610331, 56.94
TECHNOE,EQ,10-Aug-2026,1066.25,1074.0,1077.3,1050.05,1059.45,1062.55,1061.08,205080,2176.06,16260, 95205, 46.42
TECHNVISN,EQ,10-Aug-2026,5721.8,5700.0,5700.0,5435.8,5435.8,5528.6,5524.49,779,43.04,226, 558, 71.63
TECILCHEM,EQ,10-Aug-2026,9.19,8.6,9.61,8.32,8.5,8.57,8.53,63171,5.39,257, 47813, 75.69
TEGA,EQ,10-Aug-2026,1625.7,1620.0,1659.7,1620.0,1640.0,1633.6,1645.68,83034,1366.47,8678, 40815, 49.15
TEJA,SM,10-Aug-2026,603.35,605.0,658.0,570.0,622.0,634.3,617.96,39000,241.01,58, 14400, 36.92
TEJASCARGO,SM,10-Aug-2026,380.0,399.0,399.0,399.0,399.0,399.0,399.0,400,1.6,1, 400, 100.00
TEJASNET,EQ,10-Aug-2026,513.45,513.45,525.6,511.05,523.0,521.5,520.46,965762,5026.37,26096, 226810, 23.49
TEMBO,EQ,10-Aug-2026,60.95,61.0,64.25,60.95,62.35,62.1,62.87,2671096,1679.42,8265, 888171, 33.25
TENNIND,EQ,10-Aug-2026,562.8,569.9,569.9,553.0,555.0,554.45,557.38,587786,3276.21,16892, 396422, 67.44
TERASOFT,EQ,10-Aug-2026,407.7,413.5,424.85,403.6,407.1,407.7,414.22,21735,90.03,1056, 9104, 41.89
TEXINFRA,EQ,10-Aug-2026,113.61,112.49,114.09,111.25,111.8,111.78,112.74,130358,146.96,1073, 94411, 72.42
TEXMOPIPES,EQ,10-Aug-2026,43.51,44.0,44.0,43.0,43.49,43.52,43.4,18328,7.95,311, 12001, 65.48
TEXRAIL,EQ,10-Aug-2026,108.78,108.5,108.88,107.0,107.2,107.35,107.88,975377,1052.27,7216, 519288, 53.24
TFCILTD,EQ,10-Aug-2026,117.48,117.99,117.99,115.0,115.15,115.22,115.36,20454753,23596.5,21924, 8944150, 43.73
TFL,EQ,10-Aug-2026,11.6,11.65,11.83,10.8,11.0,10.92,11.01,53967,5.94,179, 32980, 61.11
TGBHOTELS,EQ,10-Aug-2026,9.3,9.26,9.57,9.09,9.3,9.18,9.3,9995,0.93,91, 9059, 90.64
TGL,ST,10-Aug-2026,20.75,21.6,21.6,19.8,21.2,21.2,20.78,16000,3.32,44, 13800, 86.25
THACKER,BE,10-Aug-2026,1096.8,1080.0,1080.0,1043.0,1043.0,1049.2,1049.17,6,0.06,2, -, -
THAKDEV,EQ,10-Aug-2026,140.34,152.95,154.0,126.66,154.0,142.46,142.42,276,0.39,20, 267, 96.74
THANGAMAYL,EQ,10-Aug-2026,5275.0,5328.0,5435.0,5251.5,5356.5,5349.0,5362.23,156800,8407.98,21471, 80591, 51.40
THEINVEST,EQ,10-Aug-2026,98.14,98.26,100.88,98.2,99.2,99.31,99.45,723,0.72,37, 520, 71.92
THEJO,EQ,10-Aug-2026,2223.9,2161.1,2237.7,2161.1,2223.0,2215.2,2212.01,9520,210.58,1450, 5748, 60.38
THELEELA,EQ,10-Aug-2026,518.0,520.05,524.5,503.4,505.8,507.0,513.6,263638,1354.06,14007, 125686, 47.67
THEMISMED,EQ,10-Aug-2026,110.5,111.31,112.9,107.25,109.8,108.98,109.69,111845,122.68,1757, 56983, 50.95
THERMAX,EQ,10-Aug-2026,4059.9,4047.0,4091.1,4023.0,4050.0,4052.2,4061.51,91954,3734.72,15583, 48246, 52.47
THESL,ST,10-Aug-2026,19.95,19.2,19.2,19.2,19.2,19.2,19.2,3000,0.58,1, 3000, 100.00
THOMASCOOK,EQ,10-Aug-2026,104.13,104.38,109.8,104.05,106.89,105.66,105.5,1928279,2034.24,7718, 937702, 48.63
THOMASCOTT,EQ,10-Aug-2026,315.15,319.0,367.9,319.0,347.5,349.05,353.72,1261363,4461.73,30454, 134438, 10.66
THYROCARE,EQ,10-Aug-2026,603.25,603.4,624.9,596.6,623.6,622.1,615.38,342045,2104.88,15442, 176762, 51.68
TI,EQ,10-Aug-2026,490.75,495.8,510.5,490.75,504.5,503.2,503.59,1382701,6963.2,31121, 680458, 49.21
TICL,BE,10-Aug-2026,10.57,10.57,10.9,10.05,10.37,10.12,10.29,86164,8.86,195, -, -
TIGERLOGS,BE,10-Aug-2026,27.49,27.49,27.88,26.49,26.5,26.54,26.99,97729,26.38,380, -, -
TIIL,EQ,10-Aug-2026,2693.5,2742.0,2742.0,2642.0,2690.0,2675.3,2709.07,11079,300.14,1539, 5443, 49.13
TIINDIA,EQ,10-Aug-2026,2772.0,2787.6,2819.7,2752.6,2815.0,2815.0,2801.34,179146,5018.49,21206, 99616, 55.61
TIJARIA,EQ,10-Aug-2026,5.09,5.37,6.09,5.09,5.77,5.9,5.74,501761,28.8,841, 322040, 64.18
TIL,EQ,10-Aug-2026,232.1,232.3,237.15,227.05,235.0,232.5,231.92,539290,1250.73,11811, 199095, 36.92
TIMETECHNO,EQ,10-Aug-2026,204.88,205.0,208.45,205.0,207.51,206.89,206.51,3367756,6954.92,41515, 1011337, 30.03
TIMEX,EQ,10-Aug-2026,556.3,557.0,574.8,553.0,561.35,563.25,567.99,360784,2049.21,22530, 167667, 46.47
TIMKEN,EQ,10-Aug-2026,3351.0,3332.6,3351.0,3276.0,3292.0,3283.9,3315.15,16361,542.39,4281, 9768, 59.70
TINNARUBR,EQ,10-Aug-2026,1108.1,1106.0,1143.0,1090.1,1118.0,1120.8,1115.94,64083,715.13,5890, 24924, 38.89
TIPSFILMS,EQ,10-Aug-2026,375.25,376.1,404.0,376.1,387.05,386.8,390.84,14833,57.97,549, 4718, 31.81
TIPSMUSIC,EQ,10-Aug-2026,645.35,642.1,668.0,637.05,667.4,665.65,653.29,269314,1759.4,13295, 116868, 43.39
TIRUMALCHM,EQ,10-Aug-2026,167.76,168.13,170.2,162.8,166.0,164.68,166.29,353845,588.4,5203, 190582, 53.86
TIRUPATI,SM,10-Aug-2026,340.0,337.8,337.8,337.8,337.8,337.8,337.8,125,0.42,1, 125, 100.00
TIRUPATIFL,BE,10-Aug-2026,72.07,72.0,72.07,69.32,70.28,70.5,70.71,162653,115.01,790, -, -
TITAGARH,EQ,10-Aug-2026,847.45,846.0,846.5,829.95,841.0,839.45,839.06,258438,2168.44,13234, 107760, 41.70
TITAN,EQ,10-Aug-2026,4941.0,4932.0,5122.2,4886.2,5090.0,5090.0,5056.1,3664718,185291.99,219329, 1195173, 32.61
TMB,EQ,10-Aug-2026,875.95,880.0,895.65,871.25,886.95,890.2,888.18,181662,1613.48,12506, 104118, 57.31
TMCV,EQ,10-Aug-2026,453.1,453.0,460.8,448.3,449.0,450.2,454.98,5718957,26020.15,75819, 2626018, 45.92
TMPV,EQ,10-Aug-2026,347.0,347.0,351.4,344.6,347.1,347.1,348.22,5233700,18224.95,68989, 2341706, 44.74
TNIDETF,EQ,10-Aug-2026,90.15,88.5,91.95,88.5,89.82,90.53,90.69,175464,159.13,1026, 120190, 68.50
TNPETRO,EQ,10-Aug-2026,101.03,103.0,103.1,98.15,99.01,99.55,100.53,202566,203.63,2609, 96431, 47.60
TNPL,EQ,10-Aug-2026,156.6,157.0,160.0,153.0,154.25,153.88,155.21,115261,178.89,2706, 60367, 52.37
TNTELE,EQ,10-Aug-2026,9.03,9.0,9.49,8.96,9.12,9.22,9.1,75356,6.86,240, 65397, 86.78
TOKYOPLAST,BE,10-Aug-2026,81.0,80.0,80.0,80.0,80.0,80.0,80.0,416,0.33,10, -, -
TOLINS,EQ,10-Aug-2026,102.14,102.85,103.12,101.0,101.6,101.98,101.93,37202,37.92,765, 23685, 63.67
TOP100CASE,EQ,10-Aug-2026,10.81,10.96,10.96,10.75,10.82,10.8,10.82,575347,62.23,1682, 396323, 68.88
TOP10ADD,EQ,10-Aug-2026,89.46,89.46,89.76,89.05,89.05,89.26,89.41,111178,99.41,735, 72216, 64.96
TOP15IETF,EQ,10-Aug-2026,10.12,10.17,10.18,10.05,10.09,10.11,10.13,71423,7.23,196, 50516, 70.73
TOP20,EQ,10-Aug-2026,9.11,9.33,9.33,9.11,9.14,9.13,9.14,49128,4.49,131, 43696, 88.94
TORNTPHARM,EQ,10-Aug-2026,4924.0,4928.5,4981.5,4885.0,4924.0,4924.0,4915.64,416376,20467.55,37235, 287752, 69.11
TORNTPOWER,EQ,10-Aug-2026,1350.8,1360.0,1373.0,1336.9,1346.5,1342.9,1351.57,233487,3155.74,18791, 116307, 49.81
TOTAL,EQ,10-Aug-2026,69.6,68.7,69.6,66.51,66.61,66.99,67.3,26686,17.96,287, 19396, 72.68
TOUCHWOOD,EQ,10-Aug-2026,66.85,66.99,69.88,66.58,68.58,67.89,68.48,3442,2.36,73, 2404, 69.84
TPHQ,EQ,10-Aug-2026,0.41,0.42,0.42,0.41,0.41,0.41,0.42,1064773,4.45,280, 426575, 40.06
TPLPLASTEH,EQ,10-Aug-2026,77.51,77.6,77.99,75.3,75.8,75.74,76.75,138805,106.54,1422, 49337, 35.54
TRACXN,EQ,10-Aug-2026,29.97,29.99,30.2,29.72,29.8,29.79,29.83,143084,42.69,721, 130311, 91.07
TRANSPEK,EQ,10-Aug-2026,1262.4,1222.0,1280.0,1192.1,1213.1,1232.6,1231.62,5657,69.67,694, 3078, 54.41
TRANSRAILL,EQ,10-Aug-2026,473.4,474.0,483.4,470.0,479.9,479.0,477.88,381107,1821.24,12761, 173320, 45.48
TRANSTEEL,SM,10-Aug-2026,113.0,116.9,116.9,112.0,112.6,113.0,113.33,22000,24.93,19, 17000, 77.27
TRANSWORLD,BE,10-Aug-2026,166.0,167.0,168.0,158.0,161.0,159.49,161.54,17167,27.73,126, -, -
TRAVELFOOD,EQ,10-Aug-2026,1428.6,1438.0,1438.9,1384.0,1398.0,1396.9,1407.57,92119,1296.64,9977, 42200, 45.81
TREEHOUSE,EQ,10-Aug-2026,6.3,6.5,6.5,6.21,6.37,6.23,6.32,8701,0.55,149, 5934, 68.20
TREJHARA,EQ,10-Aug-2026,177.66,177.0,179.4,170.1,170.61,171.39,174.17,42908,74.73,1377, 21654, 50.47
TREL,EQ,10-Aug-2026,25.4,24.51,28.45,24.51,28.0,27.83,27.39,860469,235.72,3713, 437025, 50.79
TRENT,EQ,10-Aug-2026,2997.0,3010.0,3047.0,2981.0,3025.0,3025.0,3024.1,989590,29926.21,58677, 523044, 52.85
TRF,EQ,10-Aug-2026,232.79,233.42,237.82,232.87,233.11,234.55,235.28,24396,57.4,731, 14499, 59.43
TRIDENT,EQ,10-Aug-2026,25.18,25.08,25.16,24.78,24.86,24.81,24.92,4671425,1164.24,15173, 2310609, 49.46
TRIDHYA,ST,10-Aug-2026,9.5,9.05,9.95,9.05,9.05,9.05,9.5,12000,1.14,4, 9000, 75.00
TRIGYN,EQ,10-Aug-2026,53.5,53.99,54.84,53.1,54.27,53.95,54.12,25560,13.83,948, 11513, 45.04
TRITURBINE,EQ,10-Aug-2026,636.45,637.9,648.0,631.6,633.0,636.75,641.43,455628,2922.54,27790, 208519, 45.77
TRIVENI,EQ,10-Aug-2026,233.22,235.55,249.06,233.0,243.76,243.03,244.65,1654716,4048.23,20836, 908076, 54.88
TROM,SM,10-Aug-2026,56.3,57.95,58.95,54.35,56.0,56.9,56.74,7800,4.43,13, 5400, 69.23
TRU,EQ,10-Aug-2026,4.55,4.54,4.65,4.21,4.42,4.44,4.48,187382,8.4,460, 176206, 94.04
TRUALT,EQ,10-Aug-2026,477.05,486.0,486.0,473.0,478.0,478.5,478.78,341611,1635.58,6874, 204071, 59.74
TRUST,SM,10-Aug-2026,28.4,28.0,28.0,28.0,28.0,28.0,28.0,1200,0.34,2, 1200, 100.00
TSC,ST,10-Aug-2026,44.0,46.2,46.2,44.0,44.0,44.0,45.7,12000,5.48,6, 12000, 100.00
TSFINV,EQ,10-Aug-2026,441.95,440.0,443.2,429.0,436.9,434.1,435.27,65803,286.42,4354, 37315, 56.71
TTKHLTCARE,EQ,10-Aug-2026,1084.8,1084.9,1095.0,1047.0,1068.0,1059.0,1059.31,19169,203.06,2011, 9563, 49.89
TTKPRESTIG,EQ,10-Aug-2026,615.95,619.9,620.85,602.6,602.6,605.6,607.65,99020,601.7,6238, 53168, 53.69
TTL,EQ,10-Aug-2026,5.81,6.03,6.03,5.75,5.89,5.85,5.86,161480,9.46,384, 100544, 62.26
TTML,EQ,10-Aug-2026,39.37,39.22,39.38,39.0,39.06,39.02,39.14,818328,320.28,6026, 414132, 50.61
TUNWAL,SM,10-Aug-2026,26.4,26.4,26.7,26.15,26.4,26.4,26.41,26000,6.87,13, 12000, 46.15
TURTLEMINT,EQ,10-Aug-2026,111.84,111.84,117.0,110.41,115.5,115.43,113.91,446567,508.7,7026, 190915, 42.75
TVSELECT,EQ,10-Aug-2026,506.9,475.0,483.3,455.2,462.0,458.9,467.77,276422,1293.02,12236, 128801, 46.60
TVSHLTD,EQ,10-Aug-2026,14848.0,14901.0,14985.0,14230.0,14540.0,14640.0,14728.36,10754,1583.89,2184, 7735, 71.93
TVSINVIT,IV,10-Aug-2026,116.05,116.01,118.0,116.01,118.0,118.0,117.5,100000,117.5,4, 75000, 75.00
TVSMOTOR,EQ,10-Aug-2026,4440.9,4435.0,4475.0,4411.1,4466.2,4466.2,4449.71,724181,32223.93,53998, 416493, 57.51
TVSSCS,EQ,10-Aug-2026,133.79,135.5,135.5,128.0,128.6,128.42,130.54,664256,867.1,7887, 354163, 53.32
TVSSRICHAK,EQ,10-Aug-2026,3964.9,3956.7,3987.7,3926.0,3953.0,3954.5,3953.29,1358,53.69,349, 784, 57.73
TVTODAY,EQ,10-Aug-2026,114.68,116.15,116.15,113.1,113.2,113.22,114.0,31935,36.4,553, 23451, 73.43
TVVISION,BE,10-Aug-2026,4.13,3.95,4.29,3.95,4.25,4.25,4.03,29071,1.17,47, -, -
TWCGOLDETF,EQ,10-Aug-2026,148.89,148.89,150.5,147.05,149.94,149.98,150.38,13696,20.6,197, 13210, 96.45
UBL,EQ,10-Aug-2026,1400.3,1401.8,1404.8,1378.5,1381.0,1382.8,1384.45,64533,893.42,6916, 31524, 48.85
UCAL,EQ,10-Aug-2026,118.46,118.0,122.49,118.0,121.6,120.88,120.67,14779,17.83,373, 9534, 64.51
UCL,ST,10-Aug-2026,218.95,217.9,225.45,217.9,225.45,225.45,221.68,4000,8.87,2, 4000, 100.00
UCOBANK,EQ,10-Aug-2026,26.4,26.39,26.39,26.05,26.12,26.12,26.21,2808351,736.0,9890, 1615655, 57.53
UDS,EQ,10-Aug-2026,210.03,212.21,212.21,207.61,210.0,210.54,210.37,184980,389.14,4050, 123799, 66.93
UEL,EQ,10-Aug-2026,257.79,263.8,270.67,260.36,270.67,270.67,267.38,37026,99.0,733, 23134, 62.48
UFBL,EQ,10-Aug-2026,807.6,813.5,845.0,767.25,797.6,798.1,800.89,196394,1572.89,8646, 82725, 42.12
UFLEX,EQ,10-Aug-2026,488.7,488.0,494.6,486.6,493.9,492.45,491.94,64372,316.67,2200, 36132, 56.13
UFO,EQ,10-Aug-2026,68.76,68.76,68.76,67.0,67.23,67.36,67.77,26024,17.64,532, 16635, 63.92
UGARSUGAR,EQ,10-Aug-2026,45.0,44.97,47.55,44.1,46.3,46.49,46.21,897551,414.74,4308, 489884, 54.58
UGROCAP,EQ,10-Aug-2026,95.08,95.12,97.3,94.25,96.85,96.45,95.52,263027,251.24,2633, 164029, 62.36
UHTL,ST,10-Aug-2026,96.75,95.0,99.0,93.3,98.0,98.0,97.03,30000,29.11,15, 28000, 93.33
UJJIVANSFB,EQ,10-Aug-2026,70.11,70.7,71.59,69.6,69.72,69.76,70.7,6802649,4809.57,32882, 3296796, 48.46
ULTRACEMCO,EQ,10-Aug-2026,12105.0,12040.0,12124.0,11921.0,12038.0,12038.0,12066.95,138801,16749.05,21270, 70564, 50.84
ULTRAMAR,EQ,10-Aug-2026,410.75,398.0,414.0,394.1,396.7,397.95,400.95,208629,836.5,6491, 110160, 52.80
UMA,SM,10-Aug-2026,14.85,15.35,15.35,14.75,14.75,14.75,15.04,16000,2.41,4, 16000, 100.00
UMAEXPORTS,BE,10-Aug-2026,20.07,20.07,20.6,19.55,19.96,20.01,20.15,13832,2.79,87, -, -
UMESLTD,EQ,10-Aug-2026,5.57,5.68,5.68,5.18,5.58,5.4,5.44,4447,0.24,66, 3874, 87.11
UMIYA-MRO,EQ,10-Aug-2026,90.03,88.21,90.69,88.21,88.46,88.52,88.82,13872,12.32,119, 12327, 88.86
UNICHEMLAB,EQ,10-Aug-2026,489.75,490.0,513.7,488.3,508.05,507.15,501.87,74612,374.46,4680, 34788, 46.63
UNIDT,BE,10-Aug-2026,234.98,237.75,240.0,229.14,233.0,234.64,233.38,4136,9.65,106, -, -
UNIECOM,EQ,10-Aug-2026,84.25,84.24,85.82,83.93,84.32,84.39,84.81,169045,143.37,1940, 95455, 56.47
UNIENTER,EQ,10-Aug-2026,97.16,97.16,98.09,96.32,97.0,96.8,96.84,4870,4.72,140, 4189, 86.02
UNIHEALTH,SM,10-Aug-2026,774.0,773.0,779.0,754.25,754.25,756.75,764.97,8000,61.2,16, 6000, 75.00
UNIINFO,BE,10-Aug-2026,12.05,12.11,12.54,11.45,12.23,12.23,11.99,1616,0.19,27, -, -
UNIMECH,EQ,10-Aug-2026,1446.7,1459.9,1482.7,1430.0,1455.0,1452.3,1451.16,245270,3559.26,18276, 106411, 43.39
UNIONBANK,EQ,10-Aug-2026,183.6,183.69,185.74,179.94,181.14,181.14,182.55,8941327,16322.02,49035, 4045047, 45.24
UNIONGOLD,EQ,10-Aug-2026,146.3,146.3,148.3,142.65,147.05,147.2,148.2,49700,73.66,149, 46299, 93.16
UNIPARTS,EQ,10-Aug-2026,814.6,820.5,839.0,817.05,823.2,824.8,827.51,284761,2356.43,13744, 131911, 46.32
UNITDSPR,EQ,10-Aug-2026,1512.4,1503.0,1533.7,1503.0,1522.0,1522.0,1525.29,587414,8959.77,20122, 364316, 62.02
UNITECH,EQ,10-Aug-2026,4.15,4.15,4.15,4.05,4.09,4.08,4.1,3386442,138.72,2828, 2381440, 70.32
UNITEDPOLY,BE,10-Aug-2026,28.87,28.87,30.31,28.29,30.31,30.16,29.26,57173,16.73,146, -, -
UNITEDTEA,EQ,10-Aug-2026,468.0,470.0,476.85,462.0,469.5,469.75,468.02,543,2.54,76, 365, 67.22
UNIVAFOODS,BE,10-Aug-2026,8.6,8.71,9.03,8.7,9.03,9.03,8.89,8625,0.77,9, -, -
UNIVASTU,BE,10-Aug-2026,134.75,137.99,137.99,128.02,132.01,132.21,130.79,216402,283.02,1063, -, -
UNIVCABLES,EQ,10-Aug-2026,1411.2,1635.4,1693.4,1501.7,1693.4,1693.4,1636.79,1907323,31218.96,80525, 559426, 29.33
UNIVPHOTO,BE,10-Aug-2026,471.7,471.7,471.7,464.0,470.05,466.7,468.8,183,0.86,29, -, -
UNOMINDA,EQ,10-Aug-2026,1285.0,1291.3,1298.3,1280.7,1288.0,1288.0,1286.7,782659,10070.46,32730, 473258, 60.47
UPL,EQ,10-Aug-2026,573.0,572.75,577.05,567.0,567.0,567.0,570.99,1964879,11219.19,25643, 1033112, 52.58
URAVIDEF,BE,10-Aug-2026,110.03,112.8,112.8,107.0,108.46,107.46,108.28,10357,11.21,190, -, -
URBAN,SM,10-Aug-2026,145.35,144.5,149.5,144.5,148.3,147.55,147.44,35200,51.9,31, 11200, 31.82
URBANCO,EQ,10-Aug-2026,143.74,144.35,144.89,138.15,140.0,139.3,141.22,3170418,4477.34,23148, 1363681, 43.01
URJA,EQ,10-Aug-2026,9.84,9.84,9.9,9.65,9.65,9.67,9.72,635305,61.74,2467, 409754, 64.50
USASEEDS,SM,10-Aug-2026,90.9,86.4,90.8,86.4,90.8,88.6,88.6,856,0.76,2, 856, 100.00
USHAFIN,SM,10-Aug-2026,39.7,38.55,41.45,38.55,40.1,40.1,40.32,24000,9.68,14, 20800, 86.67
USHAMART,EQ,10-Aug-2026,515.05,517.4,524.4,515.2,517.0,516.8,520.17,364253,1894.72,13490, 207722, 57.03
USK,EQ,10-Aug-2026,22.19,22.19,22.68,21.1,21.78,21.65,21.83,53640,11.71,277, 39146, 72.98
UTIAMC,EQ,10-Aug-2026,896.65,905.6,916.0,901.9,909.0,907.85,908.58,181464,1648.74,9298, 97744, 53.86
UTKAL,SM,10-Aug-2026,46.1,45.55,48.0,45.0,46.1,46.1,46.23,38000,17.57,15, 32000, 84.21
UTKARSHBNK,EQ,10-Aug-2026,14.19,14.35,14.35,14.0,14.02,14.02,14.11,3175283,448.12,4333, 2062300, 64.95
UTLSOLAR,EQ,10-Aug-2026,389.95,390.0,424.8,388.8,398.8,398.75,407.61,733842,2991.2,26082, 308238, 42.00
UTSSAV,ST,10-Aug-2026,515.0,511.0,519.0,510.0,519.0,514.55,511.23,6000,30.67,10, 6000, 100.00
UTTAMSUGAR,EQ,10-Aug-2026,252.77,250.1,261.4,250.1,259.89,258.72,258.2,291883,753.63,5187, 132562, 45.42
UWCSL,SM,10-Aug-2026,95.0,96.0,96.0,96.0,96.0,96.0,96.0,1000,0.96,1, 1000, 100.00
UYFINCORP,EQ,10-Aug-2026,20.36,20.65,21.8,20.35,21.0,21.02,20.93,1054758,220.71,3374, 563410, 53.42
V2RETAIL,EQ,10-Aug-2026,219.44,219.4,221.54,216.5,219.46,218.48,218.34,935672,2042.9,16691, 442826, 47.33
VADILALIND,EQ,10-Aug-2026,7207.5,7278.5,7575.0,7242.5,7443.0,7380.0,7456.0,35311,2632.79,9640, 12110, 34.30
VAIBHAVGBL,EQ,10-Aug-2026,242.95,243.0,243.15,236.5,239.85,238.45,239.32,488424,1168.89,9222, 224550, 45.97
VAISHALI,EQ,10-Aug-2026,7.88,8.25,8.45,7.91,8.36,8.21,8.26,425981,35.19,559, 235620, 55.31
VAKRANGEE,EQ,10-Aug-2026,5.99,6.05,6.13,5.98,6.02,6.02,6.04,708886,42.78,1296, 395181, 55.75
VAL30IETF,EQ,10-Aug-2026,15.63,15.68,15.68,15.47,15.58,15.52,15.56,338530,52.67,889, 268916, 79.44
VALIANTLAB,BE,10-Aug-2026,64.59,67.8,67.81,67.8,67.81,67.81,67.81,26353,17.87,38, -, -
VALIANTORG,BE,10-Aug-2026,288.5,288.0,302.9,285.4,300.0,297.75,299.43,46588,139.5,599, -, -
VALUE,EQ,10-Aug-2026,16.48,16.48,16.6,16.41,16.43,16.47,16.47,46991,7.74,122, 46041, 97.98
VALUE360,SM,10-Aug-2026,75.0,75.0,75.0,75.0,75.0,75.0,75.0,3600,2.7,3, 3600, 100.00
VALUEAXIS,EQ,10-Aug-2026,33.59,33.67,33.67,33.32,33.32,33.36,33.55,38666,12.97,352, 26192, 67.74
VAML,EQ,10-Aug-2026,470.05,470.05,478.7,469.1,473.4,472.6,474.44,8680249,41182.19,91971, 4848520, 55.86
VARDHACRLC,BE,10-Aug-2026,44.73,45.72,45.8,44.56,45.34,45.11,45.01,13979,6.29,150, -, -
VARDMNPOLY,EQ,10-Aug-2026,6.48,6.94,6.94,6.66,6.71,6.7,6.72,408022,27.43,498, 349848, 85.74
VARROC,EQ,10-Aug-2026,811.2,804.0,839.25,796.05,831.0,825.95,823.38,1417670,11672.86,38800, 274102, 19.33
VASCONEQ,EQ,10-Aug-2026,33.64,33.99,37.0,33.61,34.25,34.48,34.91,1806279,630.51,4478, 1232302, 68.22
VASWANI,EQ,10-Aug-2026,52.14,51.3,53.67,51.3,52.8,52.57,52.03,13423,6.98,227, 10487, 78.13
VBL,EQ,10-Aug-2026,442.0,442.0,450.5,441.5,445.5,445.5,445.92,2484821,11080.19,27051, 1451379, 58.41
VCL,EQ,10-Aug-2026,1.34,1.4,1.4,1.4,1.4,1.4,1.4,174573,2.44,72, 174573, 100.00
VDEAL,SM,10-Aug-2026,164.0,164.0,165.0,164.0,165.0,164.5,164.33,1800,2.96,3, 1200, 66.67
VEDL,EQ,10-Aug-2026,278.85,280.0,285.8,277.2,283.65,283.65,283.72,26401833,74907.02,134229, 10919021, 41.36
VEDPOWER,EQ,10-Aug-2026,35.46,35.46,37.71,34.95,36.59,36.5,36.65,68918280,25259.12,133597, 25316238, 36.73
VEEDOL,EQ,10-Aug-2026,1497.3,1513.0,1543.9,1490.0,1533.5,1524.6,1518.78,43671,663.27,3748, 26619, 60.95
VEEKAYEM,SM,10-Aug-2026,120.0,114.25,123.0,114.05,123.0,122.95,118.55,3000,3.56,6, 2000, 66.67
VELJAN,BE,10-Aug-2026,1706.4,1641.1,1767.9,1641.0,1701.0,1702.2,1745.18,741,12.93,60, -, -
VENKEYS,EQ,10-Aug-2026,1573.4,1583.5,1597.6,1545.0,1564.0,1565.0,1576.56,43689,688.78,3545, 20868, 47.76
VENTIVE,EQ,10-Aug-2026,599.9,599.9,611.95,591.2,591.2,593.45,599.85,36666,219.94,2537, 21032, 57.36
VENUSPIPES,EQ,10-Aug-2026,1604.0,1615.3,1725.0,1592.3,1625.0,1619.6,1653.32,533342,8817.83,42956, 150144, 28.15
VENUSREM,BE,10-Aug-2026,1540.7,1530.0,1551.4,1478.4,1545.0,1522.6,1503.64,67190,1010.3,2930, -, -
VERANDA,EQ,10-Aug-2026,257.95,257.95,258.5,245.0,246.15,246.7,250.28,187089,468.24,3629, 125458, 67.06
VERTIS,IV,10-Aug-2026,113.0,112.5,113.0,112.5,112.5,112.5,112.51,1800000,2025.24,51, 1775000, 98.61
VERTOZ,BE,10-Aug-2026,35.96,36.67,36.67,35.5,35.57,35.66,35.83,17510,6.27,223, -, -
VESUVIUS,EQ,10-Aug-2026,449.1,449.45,464.35,446.0,463.7,463.0,459.12,145433,667.71,6316, 67664, 46.53
VETO,BE,10-Aug-2026,122.2,123.3,123.3,120.05,121.05,121.17,121.89,13041,15.9,149, -, -
VGINFOTECH,SM,10-Aug-2026,157.0,151.0,151.0,143.55,148.35,149.0,147.68,105000,155.06,90, 64000, 60.95
VGL,EQ,10-Aug-2026,61.28,61.99,61.99,60.3,60.7,60.92,61.09,13057,7.98,372, 9276, 71.04
VGUARD,EQ,10-Aug-2026,319.65,317.9,325.4,315.2,320.0,320.85,321.47,2123326,6825.81,20049, 1647965, 77.61
VHL,EQ,10-Aug-2026,3568.7,3555.0,3613.8,3506.4,3568.0,3554.5,3568.36,1009,36.0,233, 712, 70.56
VHLTD,BE,10-Aug-2026,125.0,125.0,130.0,125.0,129.9,127.01,125.86,34501,43.42,93, -, -
VIAZ,SM,10-Aug-2026,60.8,60.5,60.5,58.0,58.0,58.0,58.85,6000,3.53,3, 6000, 100.00
VICTORYEV,ST,10-Aug-2026,16.4,16.4,16.5,16.0,16.05,16.05,16.16,18000,2.91,6, 18000, 100.00
VIDHIING,EQ,10-Aug-2026,316.65,317.0,322.0,312.6,315.0,314.3,316.13,12300,38.88,741, 6393, 51.98
VIDYAWIRES,EQ,10-Aug-2026,95.46,96.01,98.85,95.52,98.01,97.91,97.3,1576782,1534.27,11775, 917591, 58.19
VIESL,SM,10-Aug-2026,312.5,315.7,319.0,311.0,311.0,311.7,314.19,12000,37.7,14, 10400, 86.67
VIGOR,ST,10-Aug-2026,98.0,94.05,97.15,93.1,95.0,95.0,94.17,41600,39.17,25, 40000, 96.15
VIJAYA,EQ,10-Aug-2026,1351.1,1352.4,1440.0,1352.4,1395.6,1392.6,1399.3,539551,7549.93,37170, 141844, 26.29
VIJAYPD,SM,10-Aug-2026,62.5,62.0,64.0,62.0,64.0,64.0,63.33,6000,3.8,3, 4000, 66.67
VIJIFIN,BE,10-Aug-2026,11.25,11.47,11.47,11.47,11.47,11.47,11.47,112909,12.95,45, -, -
VIKASECO,EQ,10-Aug-2026,1.11,1.11,1.15,1.11,1.12,1.12,1.12,3755002,42.23,1126, 1461264, 38.92
VIKASLIFE,EQ,10-Aug-2026,1.26,1.27,1.28,1.26,1.27,1.26,1.27,1704830,21.61,8085, 1011424, 59.33
VIKRAMSOLR,EQ,10-Aug-2026,164.34,164.9,164.9,155.5,157.49,156.8,159.73,5925072,9464.19,48937, 3291789, 55.56
VIKRAN,EQ,10-Aug-2026,71.59,71.73,72.88,70.92,72.6,72.5,72.05,1059002,762.98,5251, 490942, 46.36
VILAS,SM,10-Aug-2026,364.65,365.0,368.0,360.0,360.0,361.3,362.41,11500,41.68,41, 8250, 71.74
VILINBIO,SM,10-Aug-2026,44.05,41.9,41.9,41.9,41.9,41.9,41.9,4000,1.68,1, 4000, 100.00
VIMTALABS,EQ,10-Aug-2026,651.25,654.9,654.95,641.2,650.0,645.65,645.98,112751,728.35,5535, 52758, 46.79
VINATIORGA,EQ,10-Aug-2026,1324.9,1330.5,1332.5,1317.4,1318.6,1321.6,1324.46,27111,359.07,3986, 15555, 57.38
VINCOFE,EQ,10-Aug-2026,148.24,148.99,150.87,146.25,146.92,147.11,148.34,1704673,2528.71,11402, 698917, 41.00
VINDHYATEL,EQ,10-Aug-2026,2241.7,2265.0,2528.0,2186.1,2418.0,2438.4,2427.8,290773,7059.38,28796, 92319, 31.75
VINEETLAB,BE,10-Aug-2026,36.99,37.34,37.34,35.15,36.46,35.65,35.55,65828,23.4,202, -, -
VINNY,EQ,10-Aug-2026,1.07,1.06,1.07,1.04,1.05,1.04,1.05,373316,3.93,162, 335316, 89.82
VINSYS,ST,10-Aug-2026,577.0,578.0,579.9,573.0,578.4,578.4,577.18,3250,18.76,9, 1750, 53.85
VINYAS,SM,10-Aug-2026,1282.5,1240.0,1319.0,1240.0,1314.95,1306.05,1288.24,7200,92.75,46, 6300, 87.50
VINYLINDIA,EQ,10-Aug-2026,242.72,242.72,245.69,241.21,245.0,244.52,243.33,8854,21.54,294, 6360, 71.83
VIPCLOTHNG,BE,10-Aug-2026,20.73,20.7,20.7,20.11,20.21,20.21,20.38,87177,17.76,298, -, -
VIPIND,EQ,10-Aug-2026,315.0,317.65,323.8,313.2,320.1,319.5,319.88,265672,849.83,4991, 143253, 53.92
VIPULLTD,BE,10-Aug-2026,11.89,12.0,12.48,11.32,12.48,12.48,12.02,250361,30.1,447, -, -
VIRINCHI,EQ,10-Aug-2026,15.76,15.93,15.93,15.51,15.6,15.63,15.68,26330,4.13,166, 23932, 90.89
VISACHROME,BE,10-Aug-2026,37.99,38.0,38.0,37.12,37.5,37.53,37.75,10664,4.03,52, -, -
VISAKAIND,EQ,10-Aug-2026,98.72,101.7,104.41,98.15,103.0,103.52,101.78,4939471,5027.16,34308, 970431, 19.65
VISHNU,EQ,10-Aug-2026,586.6,586.6,590.35,580.3,585.0,584.3,583.22,46605,271.81,2553, 28599, 61.36
VISHNUINFR,SM,10-Aug-2026,154.1,157.7,160.95,157.7,160.8,160.75,160.83,103000,165.65,20, 103000, 100.00
VISHWARAJ,EQ,10-Aug-2026,5.32,5.24,5.45,5.24,5.42,5.4,5.4,286509,15.47,347, 192866, 67.32
VISL,EQ,10-Aug-2026,35.21,35.0,36.97,34.62,36.97,36.97,36.26,19772447,7170.44,23889, 14053372, 71.08
VITAL,BE,10-Aug-2026,50.45,51.0,51.45,51.0,51.45,51.45,51.45,9879,5.08,21, -, -
VIVIANA,BE,10-Aug-2026,715.8,711.0,719.0,702.0,702.05,703.8,705.86,21621,152.61,442, -, -
VIVIDEL,ST,10-Aug-2026,1448.0,1520.4,1520.4,1406.0,1475.0,1473.25,1482.67,36000,533.76,83, 32640, 90.67
VIVIDHA,EQ,10-Aug-2026,0.52,0.52,0.55,0.52,0.53,0.53,0.54,191405,1.03,154, 180952, 94.54
VIVIMEDLAB,BE,10-Aug-2026,5.01,5.05,5.09,4.8,4.89,4.88,4.86,102726,4.99,159, -, -
VIVO,SM,10-Aug-2026,114.05,119.0,119.75,119.0,119.75,119.75,119.63,36800,44.02,16, 33600, 91.30
VIYASH,EQ,10-Aug-2026,277.0,278.4,281.2,271.55,274.0,273.65,276.83,1999611,5535.59,25859, 1254090, 62.72
VLEGOV,BE,10-Aug-2026,10.94,10.97,10.97,10.74,10.74,10.74,10.85,9016,0.98,80, -, -
VLINFRA,SM,10-Aug-2026,29.05,28.9,28.9,27.6,27.6,27.6,27.82,9000,2.5,6, 6000, 66.67
VLSFINANCE,EQ,10-Aug-2026,265.1,267.95,272.0,261.0,262.7,262.75,267.94,22259,59.64,694, 15317, 68.81
VMARCIND,SM,10-Aug-2026,316.0,324.85,378.0,324.85,374.0,369.55,353.18,975000,3443.47,575, 508500, 52.15
VMART,EQ,10-Aug-2026,799.35,790.0,820.0,782.85,819.0,818.4,808.04,83389,673.82,6511, 45862, 55.00
VMM,EQ,10-Aug-2026,108.72,108.72,109.19,107.21,108.6,108.6,108.2,3549017,3840.1,19762, 1605947, 45.25
VMOBILE,SM,10-Aug-2026,67.2,67.2,68.55,65.9,66.35,66.35,66.98,17600,11.79,22, 12800, 72.73
VMSTMT,EQ,10-Aug-2026,46.11,46.7,49.5,46.2,48.23,48.23,48.15,312542,150.5,2231, 129423, 41.41
VOEPL,EQ,10-Aug-2026,505.95,511.9,511.9,481.9,498.8,494.2,495.56,60678,300.7,2566, 32182, 53.04
VOGL,EQ,10-Aug-2026,34.91,34.9,40.4,34.43,39.78,39.73,38.93,258761421,100739.03,286407, 64556143, 24.95
VOLERCAR,SM,10-Aug-2026,220.0,221.8,222.0,220.0,220.0,220.0,220.21,30400,66.94,13, 27200, 89.47
VOLTAMP,EQ,10-Aug-2026,9965.0,10138.5,10350.0,10063.5,10300.0,10279.5,10228.59,42955,4393.69,13882, 19130, 44.53
VOLTAS,EQ,10-Aug-2026,1285.0,1286.0,1294.0,1265.8,1267.9,1267.9,1272.44,544896,6933.46,26347, 245171, 44.99
VPRPL,EQ,10-Aug-2026,30.93,32.5,37.11,32.0,37.11,37.11,36.23,2077086,752.46,5559, 1033238, 49.74
VR,SM,10-Aug-2026,144.65,151.8,151.85,151.8,151.85,151.85,151.83,1200,1.82,3, 1200, 100.00
VRAJ,EQ,10-Aug-2026,123.4,122.45,127.68,122.45,125.78,125.34,125.53,27011,33.91,1097, 15974, 59.14
VRLLOG,EQ,10-Aug-2026,281.35,280.95,289.2,280.5,285.8,284.9,285.55,324876,927.68,6348, 196130, 60.37
VSCL,ST,10-Aug-2026,25.3,25.0,25.0,24.05,24.05,24.05,24.53,6000,1.47,2, 6000, 100.00
VSSL,EQ,10-Aug-2026,341.85,347.0,351.7,335.1,335.1,337.65,344.99,232422,801.83,7190, 100675, 43.32
VSTIND,EQ,10-Aug-2026,219.77,221.38,221.38,219.0,219.0,219.6,219.79,123641,271.75,3242, 70951, 57.38
VSTL,EQ,10-Aug-2026,107.01,107.0,107.95,106.05,106.91,106.42,106.98,7875,8.42,263, 6688, 84.93
VSTTILLERS,EQ,10-Aug-2026,4487.4,4482.0,4526.4,4472.6,4509.0,4489.0,4500.5,6362,286.32,1491, 3744, 58.85
VTL,EQ,10-Aug-2026,606.75,610.0,612.8,604.35,609.9,608.3,608.79,192859,1174.11,11188, 104151, 54.00
WAAREEENER,EQ,10-Aug-2026,2717.0,2723.0,2725.0,2693.0,2701.0,2701.0,2711.09,356031,9652.31,22192, 133148, 37.40
WAAREEINDO,EQ,10-Aug-2026,327.6,312.0,318.8,311.25,311.25,311.25,312.28,140413,438.48,1896, 82220, 58.56
WAAREERTL,EQ,10-Aug-2026,908.65,908.65,919.7,901.35,911.0,911.25,910.42,136286,1240.78,7746, 45576, 33.44
WABAG,EQ,10-Aug-2026,1957.7,1960.0,1980.9,1900.0,1970.0,1973.7,1950.27,279696,5454.82,23201, 133109, 47.59
WAKEFIT,EQ,10-Aug-2026,127.76,128.23,129.31,125.15,127.21,127.17,126.53,803269,1016.4,7401, 236374, 29.43
WALCHANNAG,EQ,10-Aug-2026,230.74,231.95,240.2,228.07,237.74,236.89,236.21,768310,1814.79,11657, 333062, 43.35
WANBURY,EQ,10-Aug-2026,254.95,254.95,261.0,244.95,247.0,246.15,251.51,537389,1351.61,9724, 299743, 55.78
WCIL,EQ,10-Aug-2026,88.46,88.52,90.09,87.71,88.0,87.92,88.39,52359,46.28,787, 34373, 65.65
WEALTH,EQ,10-Aug-2026,937.55,942.35,945.0,929.15,934.95,939.35,941.13,1277,12.02,99, 1178, 92.25
WEBELSOLAR,EQ,10-Aug-2026,96.38,96.38,97.3,93.2,94.99,94.49,94.87,2167244,2056.14,13319, 1284732, 59.28
WEIZMANIND,EQ,10-Aug-2026,78.46,78.05,80.5,77.41,79.7,78.98,79.03,936,0.74,23, 612, 65.38
WEL,EQ,10-Aug-2026,129.7,133.45,138.0,125.12,134.55,134.78,133.79,15460148,20683.42,48395, 1974022, 12.77
WELCORP,EQ,10-Aug-2026,1839.8,1848.1,1860.0,1815.2,1844.4,1848.5,1841.91,445506,8205.82,25991, 231933, 52.06
WELENT,EQ,10-Aug-2026,588.9,590.0,590.0,575.0,579.2,579.35,580.91,382302,2220.84,9239, 220652, 57.72
WELINV,BE,10-Aug-2026,1851.0,1875.0,1875.0,1807.0,1807.0,1807.0,1832.9,104,1.91,12, -, -
WELSPLSOL,EQ,10-Aug-2026,50.01,50.01,50.97,48.0,48.49,48.41,48.94,540315,264.43,3174, 333608, 61.74
WELSPUNLIV,EQ,10-Aug-2026,164.09,164.0,167.6,162.5,164.37,164.29,165.34,1392867,2302.95,17267, 592560, 42.54
WENDT,EQ,10-Aug-2026,8151.0,8199.0,8244.5,8031.5,8091.0,8124.5,8127.72,4227,343.56,1161, 1868, 44.19
WESTLIFE,EQ,10-Aug-2026,594.85,591.95,602.0,579.55,586.0,586.15,589.32,79567,468.9,10854, 35527, 44.65
WEWIN,BE,10-Aug-2026,47.0,47.49,47.49,45.13,45.5,45.5,46.78,995,0.47,13, -, -
WEWORK,EQ,10-Aug-2026,755.4,759.0,759.0,717.05,722.0,725.2,740.42,350390,2594.37,17192, 201164, 57.41
WHEELS,EQ,10-Aug-2026,1386.8,1384.0,1435.1,1363.0,1404.2,1411.7,1401.85,80724,1131.63,7875, 35931, 44.51
WHIRLPOOL,EQ,10-Aug-2026,813.15,810.5,810.95,799.9,801.95,802.75,805.29,160914,1295.83,13320, 86704, 53.88
WHITEFORCE,SM,10-Aug-2026,39.0,35.6,38.0,35.5,38.0,38.0,37.78,54400,20.55,5, 51200, 94.12
WILLAMAGOR,EQ,10-Aug-2026,26.41,29.8,29.8,25.75,26.5,26.49,27.04,7487,2.02,71, 3440, 45.95
WINDLAS,EQ,10-Aug-2026,882.85,882.85,894.5,820.5,821.1,839.65,857.92,114664,983.72,6499, 61838, 53.93
WINDMACHIN,EQ,10-Aug-2026,303.55,296.15,307.45,280.4,301.1,303.65,294.75,324957,957.8,8877, 106800, 32.87
WINSOL,SM,10-Aug-2026,112.0,110.0,110.05,110.0,110.05,110.05,110.03,800,0.88,2, 400, 50.00
WIPL,EQ,10-Aug-2026,168.05,165.0,170.0,165.0,170.0,169.97,169.83,259,0.44,14, 200, 77.22
WIPRO,EQ,10-Aug-2026,187.53,187.53,187.89,185.0,185.5,185.5,186.26,5337618,9941.84,58230, 2619892, 49.08
WOCKPHARMA,EQ,10-Aug-2026,2021.0,2029.9,2056.9,1902.0,1963.0,1931.2,1977.58,1702030,33659.07,76786, 559878, 32.89
WOL3D,ST,10-Aug-2026,142.0,135.1,135.1,135.1,135.1,135.1,135.1,2000,2.7,2, 2000, 100.00
WOMANCART,SM,10-Aug-2026,94.9,96.0,97.0,93.5,94.35,94.35,94.63,15600,14.76,36, 11600, 74.36
WONDERLA,EQ,10-Aug-2026,493.15,493.5,493.5,482.6,483.0,484.5,486.55,79196,385.33,4034, 49936, 63.05
WORTHPERI,EQ,10-Aug-2026,163.13,166.23,167.0,155.0,158.5,157.2,159.66,25576,40.83,490, 19576, 76.54
WPIL,EQ,10-Aug-2026,436.4,436.4,441.7,430.0,435.0,434.55,436.05,24293,105.93,1141, 12928, 53.22
WSI,EQ,10-Aug-2026,59.92,60.6,60.6,59.28,60.45,60.48,60.36,20348,12.28,139, 17219, 84.62
WSTCSTPAPR,EQ,10-Aug-2026,599.1,593.3,598.45,581.5,588.95,586.25,588.67,116741,687.22,9306, 58746, 50.32
WTICAB,SM,10-Aug-2026,114.7,115.0,116.65,110.0,112.5,112.5,112.12,29500,33.07,50, 19000, 64.41
XCHANGING,EQ,10-Aug-2026,67.24,67.7,68.85,67.33,68.04,68.02,68.17,100360,68.42,1420, 64718, 64.49
XELPMOC,EQ,10-Aug-2026,81.6,84.0,84.0,81.5,81.99,81.89,82.24,7144,5.88,102, 6403, 89.63
XPROINDIA,EQ,10-Aug-2026,1098.8,1000.0,1089.8,995.4,1069.4,1068.1,1049.85,299758,3147.02,15441, 184776, 61.64
XTGLOBAL,EQ,10-Aug-2026,31.66,31.5,33.27,31.5,32.45,32.11,32.41,37303,12.09,534, 13184, 35.34
XTRANET,BE,10-Aug-2026,136.21,143.02,143.02,143.02,143.02,143.02,143.02,182087,260.42,1231, -, -
YAAP,SM,10-Aug-2026,146.25,145.0,148.0,140.0,148.0,145.45,143.61,98000,140.74,23, 94000, 95.92
YASHO,EQ,10-Aug-2026,4152.7,4225.0,4309.8,4153.6,4180.0,4201.3,4234.81,28604,1211.32,4459, 13083, 45.74
YASHOPTICS,SM,10-Aug-2026,115.5,116.0,116.0,115.0,115.0,115.0,115.68,4800,5.55,6, 4000, 83.33
YATHARTH,EQ,10-Aug-2026,870.5,874.4,918.0,872.05,900.0,898.75,902.5,1064212,9604.46,44885, 443936, 41.71
YATRA,EQ,10-Aug-2026,107.03,105.03,105.89,101.26,104.89,104.53,103.54,1116195,1155.74,9585, 387336, 34.70
YCCL,SM,10-Aug-2026,9.95,9.35,9.35,9.35,9.35,9.35,9.35,18000,1.68,6, 18000, 100.00
YESBANK,EQ,10-Aug-2026,22.69,22.69,22.75,22.53,22.75,22.75,22.65,37889332,8581.27,55768, 20529996, 54.18
YUDIZ,SM,10-Aug-2026,26.2,26.0,26.0,26.0,26.0,26.0,26.0,800,0.21,1, 800, 100.00
YUKEN,EQ,10-Aug-2026,800.05,800.0,809.1,786.3,803.0,804.5,798.43,5443,43.46,491, 4458, 81.90
ZAGGLE,EQ,10-Aug-2026,206.06,208.59,208.96,203.01,203.45,203.98,205.97,494185,1017.85,8158, 223541, 45.23
ZEAL,SM,10-Aug-2026,66.0,66.0,68.4,66.0,68.4,68.4,67.03,1800,1.21,3, 1800, 100.00
ZEEL,EQ,10-Aug-2026,94.19,95.79,95.79,93.36,94.26,94.42,94.27,15355393,14475.66,44631, 4104652, 26.73
ZEELEARN,BE,10-Aug-2026,7.88,7.84,8.1,7.49,7.89,7.78,7.74,662627,51.31,676, -, -
ZEEMEDIA,EQ,10-Aug-2026,7.21,7.17,7.2,6.89,6.95,6.9,7.0,2633058,184.26,3124, 2013933, 76.49
ZENITHDRUG,SM,10-Aug-2026,42.0,40.5,45.95,40.1,45.95,45.4,41.06,103200,42.38,13, 101600, 98.45
ZENITHEXPO,EQ,10-Aug-2026,216.51,237.0,238.16,226.25,238.16,238.16,234.59,9850,23.11,447, 3183, 32.31
ZENITHSTL,EQ,10-Aug-2026,5.35,5.36,5.46,5.01,5.28,5.32,5.24,129292,6.78,512, 79514, 61.50
ZENSARTECH,EQ,10-Aug-2026,499.0,499.0,507.0,497.0,499.0,498.85,501.6,561072,2814.31,14104, 172319, 30.71
ZENTEC,EQ,10-Aug-2026,1721.1,1718.0,1731.0,1701.0,1720.0,1720.0,1717.83,176875,3038.42,12159, 73758, 41.70
ZFCVINDIA,EQ,10-Aug-2026,2637.2,2650.0,2650.0,2594.0,2610.0,2609.6,2614.21,58505,1529.44,10143, 28348, 48.45
ZFSTEERING,EQ,10-Aug-2026,658.35,671.0,671.0,650.2,655.2,657.3,658.01,7872,51.8,360, 5691, 72.29
ZIMLAB,BE,10-Aug-2026,111.98,111.89,115.83,109.5,111.0,111.17,112.24,89947,100.96,238, -, -
ZODIAC,EQ,10-Aug-2026,251.5,250.05,257.9,248.55,251.0,250.8,251.26,6384,16.04,437, 4718, 73.90
ZODIACLOTH,EQ,10-Aug-2026,77.63,77.7,78.38,75.22,75.5,75.71,76.68,5373,4.12,281, 3133, 58.31
ZOTA,EQ,10-Aug-2026,1274.7,1280.0,1289.4,1266.5,1268.1,1272.1,1278.0,16966,216.82,1981, 9897, 58.33
ZSARACOM,EQ,10-Aug-2026,11655.0,12398.0,12705.0,11800.0,11801.0,11803.0,12191.02,89,10.85,41, 32, 35.96
ZTECH,SM,10-Aug-2026,524.7,520.0,531.65,506.0,510.0,508.4,515.48,20100,103.61,59, 15000, 74.63
ZUARI,EQ,10-Aug-2026,227.55,227.55,235.17,227.0,227.2,227.46,229.55,93491,214.61,2932, 39495, 42.24
ZUARIIND,EQ,10-Aug-2026,259.35,258.5,263.65,258.5,260.0,261.4,261.77,8184,21.42,331, 5169, 63.16
ZYDUSLIFE,EQ,10-Aug-2026,1114.2,1115.0,1124.9,1112.5,1119.0,1119.0,1117.39,932417,10418.76,29728, 532641, 57.12
ZYDUSWELL,EQ,10-Aug-2026,533.85,528.1,528.1,513.45,514.2,516.1,519.31,586658,3046.56,27205, 248984, 42.44
